13:14:53.758 ;0;7;2;0;1;1;1;0;33;133;nan;0;0;0;0;0;64;113;1;304;168;16;0;0;0;0;32769;4100;1053;188;189;189;189;189;189;189;189;188;190;189;190;190;190;190;190;190;190;190;190;190;190;190;190;190;190;190;0;0;0;0;0;0;0;0;31;30;31;31;99;0;0;0;19;190;9;188;0;0;0;0;1048;0;0;25;36;0;0;0;1;0;0;50;180;0;0;0;0;0;126917;13;
13:14:54.254 ;0;7;2;0;1;1;1;0;33;133;nan;0;0;0;0;0;64;113;1;304;168;16;0;0;0;0;32769;4;1053;188;189;189;189;189;189;189;189;188;190;189;190;190;190;190;190;190;190;190;190;190;190;190;190;190;190;190;0;0;0;0;0;0;0;0;31;30;31;31;99;0;0;0;19;190;9;188;0;0;0;0;1048;0;0;25;36;0;0;0;1;0;0;50;180;0;0;0;0;0;127417;13;
13:14:54.771 ;0;8;2;0;1;1;1;0;33;133;nan;0;0;0;0;0;64;113;1;304;168;16;0;0;0;0;32769;4100;1053;188;189;189;189;189;189;189;189;188;190;189;190;190;190;190;190;190;190;190;190;190;190;190;190;190;190;190;0;0;0;0;0;0;0;0;31;30;31;31;99;0;0;0;19;190;9;188;0;0;0;0;1048;0;0;25;36;0;0;0;1;0;0;50;180;0;0;0;0;0;127917;13;
13:14:55.266 ;0;8;2;0;1;1;1;0;33;133;nan;0;0;0;0;0;64;113;1;304;168;16;0;0;0;0;32769;4;1053;188;189;189;189;189;189;189;189;188;190;190;190;190;190;190;190;190;190;190;190;190;190;190;190;190;190;190;0;0;0;0;0;0;0;0;31;30;31;31;99;0;0;0;19;190;9;188;0;0;0;0;1048;0;0;25;36;0;0;0;1;0;0;50;180;0;0;0;0;0;128418;13;
13:14:56.747 ;0;9;2;0;1;1;1;0;32;133;nan;0;0;0;0;0;64;113;1;304;168;16;0;0;0;0;32769;4100;1053;188;189;189;189;189;189;189;189;188;190;190;190;190;190;190;190;190;190;190;190;190;190;190;190;190;190;190;0;0;0;0;0;0;0;0;31;30;31;31;99;0;0;0;19;190;9;188;0;0;0;0;1048;0;0;25;36;0;0;0;1;0;0;50;180;0;0;0;0;0;128918;13;
13:14:56.747 ;0;9;2;0;1;1;1;0;32;133;nan;0;0;0;0;0;64;113;1;304;168;16;0;0;0;0;32769;4;1053;188;189;189;189;189;189;189;189;188;190;190;190;190;190;190;190;190;190;190;190;190;190;190;190;190;190;190;0;0;0;0;0;0;0;0;31;30;31;31;99;0;0;0;19;190;9;188;0;0;0;0;1048;0;0;25;36;0;0;0;1;0;0;50;180;0;0;0;0;0;129419;13;
13:14:56.752 ;0;10;2;0;1;1;1;0;32;133;nan;0;0;0;0;0;64;113;1;304;168;16;0;0;0;0;32769;4100;1053;188;189;189;189;189;189;189;189;188;190;190;190;190;190;190;190;190;190;190;190;190;190;190;190;190;190;190;0;0;0;0;0;0;0;0;31;30;31;31;99;0;0;0;19;190;9;188;0;0;0;0;1048;0;0;25;36;0;0;0;1;0;0;50;180;0;0;0;0;0;129919;13;
13:14:57.265 ;0;10;2;0;1;1;1;0;32;133;nan;0;0;0;0;0;64;113;1;304;168;16;0;0;0;0;32769;4;1053;188;189;189;189;189;189;189;189;188;190;189;190;190;190;190;190;190;190;190;190;190;190;190;190;190;190;190;0;0;0;0;0;0;0;0;31;30;31;31;99;0;0;0;19;190;9;188;0;0;0;0;1048;0;0;25;36;0;0;0;1;0;0;50;180;0;0;0;0;0;130419;13;
13:14:57.754 ;0;11;2;0;1;1;1;0;32;133;nan;0;0;0;0;0;64;113;1;304;168;16;0;0;0;0;32769;4100;1053;188;189;189;189;189;189;189;189;188;190;189;190;190;190;190;190;190;190;190;190;190;190;190;190;190;190;190;0;0;0;0;0;0;0;0;31;30;31;31;99;0;0;0;19;190;9;188;0;0;0;0;1048;0;0;25;36;0;0;0;1;0;0;50;180;0;0;0;0;0;130919;13;
13:14:58.249 ;0;11;2;0;1;1;1;0;32;133;nan;0;0;0;0;0;64;113;1;304;168;16;0;0;0;0;32769;4;1053;188;189;189;189;189;189;189;189;188;190;189;190;190;190;190;190;190;190;190;190;190;190;190;190;190;190;190;0;0;0;0;0;0;0;0;31;30;31;31;99;0;0;0;19;190;9;188;0;0;0;0;1048;0;0;25;36;0;0;0;1;0;0;50;180;0;0;0;0;0;131419;13;
13:14:58.760 ;0;12;2;0;1;1;1;0;32;133;nan;0;0;0;0;0;64;113;1;304;168;16;0;0;0;0;32769;4100;1053;188;189;189;189;189;189;189;189;188;190;189;190;190;190;190;190;190;190;190;190;190;190;190;190;190;190;190;0;0;0;0;0;0;0;0;31;30;31;31;99;0;0;0;19;190;9;188;0;0;0;0;1048;0;0;25;36;0;0;0;1;0;0;50;180;0;0;0;0;0;131919;13;
13:14:59.252 ;0;12;2;0;1;1;1;0;32;133;nan;0;0;0;0;0;64;113;1;304;168;16;0;0;0;0;32769;4;1053;188;189;189;189;189;189;189;189;188;190;190;190;190;190;190;190;190;190;190;190;190;190;190;190;190;190;190;0;0;0;0;0;0;0;0;31;30;31;31;99;0;0;0;19;190;9;188;0;0;0;0;1048;0;0;25;36;0;0;0;1;0;0;50;180;0;0;0;0;0;132419;13;
13:14:59.755 ;0;13;2;0;1;1;1;0;32;133;nan;0;0;0;0;0;64;113;1;304;168;16;0;0;0;0;32769;4100;1053;188;189;189;189;189;189;189;189;188;190;190;190;190;190;190;190;190;190;190;190;190;190;190;190;190;190;190;0;0;0;0;0;0;0;0;31;30;31;31;99;0;0;0;19;190;9;188;0;0;0;0;1048;0;0;25;36;0;0;0;1;0;0;50;180;0;0;0;0;0;132919;13;
13:15:00.264 ;0;13;2;0;1;1;1;0;32;133;nan;0;0;0;0;0;64;113;1;304;168;16;0;0;0;0;32769;4;1053;188;189;189;189;189;189;189;189;188;190;190;190;190;190;190;190;190;190;190;190;190;190;190;190;190;190;190;0;0;0;0;0;0;0;0;31;30;31;31;99;0;0;0;19;190;9;188;0;0;0;0;1048;0;0;25;36;0;0;0;1;0;0;50;180;0;0;0;0;0;133419;13;
13:15:00.751 ;0;14;2;0;1;1;1;0;32;133;nan;0;0;0;0;0;64;113;1;304;168;16;0;0;0;0;32769;4100;1053;188;189;189;189;189;189;189;189;188;190;190;190;190;190;190;190;190;190;190;190;190;190;190;190;190;190;190;0;0;0;0;0;0;0;0;31;30;31;31;99;0;0;0;26;190;9;188;0;0;0;0;1048;0;0;25;36;0;0;0;1;0;0;50;180;0;0;0;0;0;133919;13;
13:15:01.250 ;0;14;2;0;1;1;1;0;32;133;nan;0;0;0;0;0;64;113;1;304;168;16;0;0;0;0;32769;4;1053;188;189;189;189;189;189;189;189;188;190;190;190;190;190;190;190;190;190;190;190;190;190;190;190;190;190;190;0;0;0;0;0;0;0;0;31;30;31;31;99;0;0;0;26;190;9;188;0;0;0;0;1048;0;0;25;36;0;0;0;1;0;0;50;180;0;0;0;0;0;134419;13;
13:15:01.749 ;0;15;2;0;1;1;1;0;32;133;nan;0;0;0;0;0;64;113;1;304;168;16;0;0;0;0;32769;4100;1053;188;189;189;189;189;189;189;189;188;190;190;190;190;190;190;190;190;190;190;190;190;190;190;190;190;190;190;0;0;0;0;0;0;0;0;31;30;31;31;99;0;0;0;26;190;9;188;0;0;0;0;1048;0;0;25;36;0;0;0;1;0;0;50;180;0;0;0;0;0;134919;13;
13:15:02.685 ;0;15;2;0;1;1;1;0;32;133;nan;0;0;0;0;0;64;113;1;304;168;16;0;0;0;0;32769;4;1053;188;189;189;189;189;189;189;189;188;190;190;190;190;190;190;190;190;190;190;190;190;190;190;190;190;190;190;0;0;0;0;0;0;0;0;31;30;31;31;99;0;0;0;26;190;9;188;0;0;0;0;1048;0;0;25;36;0;0;0;1;0;0;50;180;0;0;0;0;0;135419;13;
13:15:02.765 ;0;16;2;0;1;1;1;0;33;133;nan;0;0;0;0;0;64;113;1;304;168;16;0;0;0;0;32769;4100;1053;188;189;189;189;189;189;189;189;188;190;190;190;190;190;190;190;190;190;190;190;190;190;190;190;190;190;190;0;0;0;0;0;0;0;0;31;30;31;31;99;0;0;0;19;190;9;188;0;0;0;0;1048;0;0;25;36;0;0;0;1;0;0;50;180;0;0;0;0;0;135919;13;
13:15:03.283 ;0;16;2;0;1;1;1;0;33;133;nan;0;0;0;0;0;64;113;1;304;168;16;0;0;0;0;32769;4;1053;188;189;189;189;189;189;189;189;188;190;190;190;190;190;190;190;190;190;190;190;190;190;190;190;190;190;190;0;0;0;0;0;0;0;0;31;30;31;31;99;0;0;0;19;190;9;188;0;0;0;0;1048;0;0;25;36;0;0;0;1;0;0;50;180;0;0;0;0;0;136419;13;
13:15:03.765 ;0;17;2;0;1;1;1;0;33;133;nan;0;0;0;0;0;64;113;1;304;168;16;0;0;0;0;32769;4100;1053;188;189;189;189;189;189;189;189;188;190;190;190;190;190;190;190;190;190;190;190;190;190;190;190;190;190;190;0;0;0;0;0;0;0;0;31;30;31;31;99;0;0;0;19;190;9;188;0;0;0;0;1048;0;0;25;36;0;0;0;1;0;0;50;180;0;0;0;0;0;136919;13;
13:15:04.248 ;0;17;2;0;1;1;1;0;33;133;nan;0;0;0;0;0;64;113;1;304;168;16;0;0;0;0;32769;4;1053;188;189;189;189;189;189;189;189;188;190;190;190;190;190;190;190;190;190;190;190;190;190;190;190;190;190;190;0;0;0;0;0;0;0;0;31;30;31;31;99;0;0;0;19;190;9;188;0;0;0;0;1048;0;0;25;36;0;0;0;1;0;0;50;180;0;0;0;0;0;137419;13;
13:15:04.753 ;0;18;2;0;1;1;1;0;32;133;nan;0;0;0;0;0;64;113;1;304;168;16;0;0;0;0;32769;4100;1053;188;189;189;189;189;189;189;189;188;190;190;190;190;190;190;190;190;190;190;190;190;190;190;190;190;190;190;0;0;0;0;0;0;0;0;31;30;31;31;99;0;0;0;19;190;9;188;0;0;0;0;1048;0;0;25;36;0;0;0;1;0;0;50;180;0;0;0;0;0;137919;13;
13:15:05.262 ;0;18;2;0;1;1;1;0;32;133;nan;0;0;0;0;0;64;113;1;304;168;16;0;0;0;0;32769;4;1053;188;189;189;189;189;189;189;189;188;190;189;190;190;190;190;190;190;190;190;190;190;190;190;190;190;190;190;0;0;0;0;0;0;0;0;31;30;31;31;99;0;0;0;19;190;9;188;0;0;0;0;1048;0;0;25;36;0;0;0;1;0;0;50;180;0;0;0;0;0;138419;13;
13:15:05.770 ;0;19;2;0;1;1;1;0;32;133;nan;0;0;0;0;0;64;113;1;304;168;16;0;0;0;0;32769;4100;1053;188;189;189;189;189;189;189;189;188;190;189;190;190;190;190;190;190;190;190;190;190;190;190;190;190;190;190;0;0;0;0;0;0;0;0;31;30;31;31;99;0;0;0;19;190;9;188;0;0;0;0;1048;0;0;25;36;0;0;0;1;0;0;50;180;0;0;0;0;0;138919;13;
13:15:06.262 ;0;19;2;0;1;1;1;0;32;133;nan;0;0;0;0;0;64;113;1;304;168;16;0;0;0;0;32769;4;1053;188;189;189;189;189;189;189;189;188;190;189;190;190;190;190;190;190;190;190;190;190;190;190;190;190;190;190;0;0;0;0;0;0;0;0;31;30;31;31;99;0;0;0;19;190;9;188;0;0;0;0;1048;0;0;25;36;0;0;0;1;0;0;50;180;0;0;0;0;0;139419;13;
13:15:06.748 ;0;20;2;0;1;1;1;0;32;133;nan;0;0;0;0;0;64;113;1;304;168;16;0;0;0;0;32769;4100;1053;188;189;189;189;189;189;189;189;188;190;189;190;190;190;190;190;190;190;190;190;190;190;190;190;190;190;190;0;0;0;0;0;0;0;0;31;30;31;31;99;0;0;0;19;190;9;188;0;0;0;0;1048;0;0;25;36;0;0;0;1;0;0;50;180;0;0;0;0;0;139919;13;
13:15:07.290 ;0;20;2;0;1;1;1;0;33;133;nan;0;0;0;0;0;64;113;1;304;168;16;0;0;0;0;32769;4;1053;188;189;189;189;189;189;189;189;188;190;189;190;190;190;190;190;190;190;190;190;190;190;190;190;190;190;190;0;0;0;0;0;0;0;0;31;30;31;31;99;0;0;0;19;190;9;188;0;0;0;0;1048;0;0;25;36;0;0;0;1;0;0;50;180;0;0;0;0;0;140419;13;
13:15:08.134 ;0;21;2;0;1;1;1;0;32;133;nan;0;0;0;0;0;64;113;1;304;168;15;0;0;0;0;32769;4100;1053;188;189;189;189;189;189;189;189;188;190;189;190;190;190;190;190;190;190;190;190;190;190;190;190;190;190;190;0;0;0;0;0;0;0;0;31;30;31;31;99;0;0;0;19;190;9;188;0;0;0;0;1048;0;0;25;36;0;0;0;1;0;0;50;180;0;0;0;0;0;140919;13;
13:15:09.121 ;0;21;2;0;1;1;1;0;32;133;nan;0;0;0;0;0;64;113;1;304;168;15;0;0;0;0;32769;4;1053;188;189;189;189;189;189;189;189;188;190;189;190;190;190;190;190;190;190;190;190;190;190;190;190;190;190;190;0;0;0;0;0;0;0;0;31;30;31;31;99;0;0;0;19;190;9;188;0;0;0;0;1048;0;0;25;36;0;0;0;1;0;0;50;180;0;0;0;0;0;141419;13;
13:15:10.112 ;0;22;2;0;1;1;1;0;32;133;nan;0;0;0;0;0;64;113;1;304;168;15;0;0;0;0;32769;4100;1053;188;189;189;189;189;189;189;189;188;190;189;190;190;190;190;190;190;190;190;190;190;190;190;190;190;190;190;0;0;0;0;0;0;0;0;31;30;31;31;99;0;0;0;19;190;9;188;0;0;0;0;1048;0;0;25;36;0;0;0;1;0;0;50;180;0;0;0;0;0;141919;13;
13:15:10.113 ;0;22;2;0;1;1;1;0;32;133;nan;0;0;0;0;0;72;113;2;408;168;15;0;0;0;0;32769;4;1053;188;189;189;189;189;189;189;189;188;190;190;190;190;190;190;190;190;190;190;190;190;190;190;190;190;190;190;0;0;0;0;0;0;0;0;31;30;31;31;99;0;0;0;19;190;9;188;0;0;0;0;1048;0;0;25;36;0;0;0;1;0;0;50;180;0;0;8;1127;150;142419;13;
13:15:10.115 ;0;23;2;0;1;1;1;0;32;133;nan;0;0;0;0;0;72;113;2;408;168;15;0;0;0;0;32769;4100;1053;188;189;189;189;189;189;189;189;188;190;190;190;190;190;190;190;190;190;190;190;190;190;190;190;190;190;190;0;0;0;0;0;0;0;0;31;30;31;31;99;0;0;0;19;190;9;188;0;0;0;0;1048;0;0;25;36;0;0;0;1;0;0;50;180;0;0;8;1127;150;142919;13;
13:15:10.251 ;0;23;2;0;1;1;1;0;32;133;nan;0;0;0;0;0;72;113;2;408;168;15;0;0;0;0;32769;4;1053;188;189;189;189;189;189;189;189;188;190;190;190;190;190;190;190;190;190;190;190;190;190;190;190;190;190;190;0;0;0;0;0;0;0;0;31;30;31;31;99;0;0;0;19;190;9;188;0;0;0;0;1048;0;0;25;36;0;0;0;1;0;0;50;180;0;0;8;1127;150;143419;13;
13:15:10.751 ;0;24;2;0;1;1;1;0;33;133;nan;0;0;0;0;0;72;113;2;408;168;16;0;0;0;0;32769;4100;1053;188;189;189;189;189;189;189;189;188;190;190;190;190;190;190;190;190;190;190;190;190;190;190;190;190;190;190;0;0;0;0;0;0;0;0;31;30;31;31;99;0;0;0;19;190;1;188;0;0;0;0;1048;0;0;25;36;0;0;0;1;0;0;50;180;0;0;8;1127;150;143919;13;
13:15:11.251 ;0;24;2;0;1;1;1;0;33;133;nan;0;0;0;0;0;72;113;2;408;168;16;0;0;0;0;32769;4;1053;188;189;189;189;189;189;189;189;188;190;190;190;190;190;190;190;190;190;190;190;190;190;190;190;190;190;190;0;0;0;0;0;0;0;0;31;30;31;31;99;0;0;0;19;190;1;188;0;0;0;0;1048;0;0;25;36;0;0;0;1;0;0;50;180;1047;0;8;1127;150;144419;13;
13:15:11.755 ;0;25;2;0;1;1;1;0;33;133;nan;0;0;0;0;0;72;113;2;408;168;15;0;0;0;0;32769;4100;1053;188;189;189;189;189;189;189;189;188;190;190;190;190;190;190;190;190;190;190;190;190;190;190;190;190;190;190;0;0;0;0;0;0;0;0;31;30;31;31;99;0;0;0;19;190;1;188;0;0;0;0;1048;0;0;25;36;0;0;0;1;0;0;50;180;1048;0;8;1127;150;144919;13;
13:15:12.259 ;0;25;2;0;1;1;1;0;33;133;nan;0;0;0;0;0;72;113;2;408;168;16;0;0;0;0;32769;4;1053;188;189;189;189;189;189;189;189;188;190;190;190;190;190;190;190;190;190;190;190;190;190;190;190;190;190;190;0;0;0;0;0;0;0;0;31;30;31;31;99;0;0;0;19;190;1;188;0;0;0;0;1048;0;0;25;36;0;0;0;1;0;0;50;180;1047;0;8;1127;150;145419;13;
13:15:12.766 ;0;26;2;0;1;1;1;0;33;133;nan;0;0;0;0;0;72;113;2;408;168;16;0;0;0;0;32769;4100;1053;188;189;189;189;189;189;189;189;188;190;190;190;190;190;190;190;190;190;190;190;190;190;190;190;190;190;190;0;0;0;0;0;0;0;0;31;30;31;31;99;0;0;0;19;190;1;188;0;0;0;0;1048;0;0;25;36;0;0;0;1;0;0;50;180;1047;0;8;1127;150;145919;13;
13:15:13.253 ;0;26;2;0;1;1;1;0;33;133;nan;0;0;0;0;0;72;113;2;408;168;15;0;0;0;0;32769;4;1053;188;189;189;189;189;189;189;189;188;189;190;190;190;190;190;190;190;190;190;190;190;190;190;190;190;190;190;0;0;0;0;0;0;0;0;31;30;31;31;99;0;0;0;19;190;1;188;0;0;0;0;1048;0;0;25;36;0;0;0;1;0;0;50;180;1047;0;8;1127;150;146419;13;
13:15:13.766 ;0;27;2;0;1;1;1;0;33;133;nan;0;0;0;0;0;72;113;2;408;168;16;0;0;0;0;32769;4100;1053;188;189;189;189;189;189;189;189;188;189;190;190;190;190;190;190;190;190;190;190;190;190;190;190;190;190;190;0;0;0;0;0;0;0;0;31;30;31;31;99;0;0;0;19;190;1;188;0;0;0;0;1048;0;0;25;36;0;0;0;1;0;0;50;180;1047;0;8;1127;150;146919;13;
13:15:14.265 ;0;27;2;0;1;1;1;0;33;133;nan;0;0;0;0;0;72;113;1;304;168;16;0;0;0;0;32769;4;1053;188;189;189;189;189;189;189;189;188;189;190;190;190;190;190;190;190;190;190;190;190;190;190;190;190;190;190;0;0;0;0;0;0;0;0;31;30;31;31;99;0;0;0;19;190;1;188;0;0;0;0;1048;0;0;25;36;0;0;0;1;0;0;50;180;1051;0;0;1127;150;147419;13;
13:15:14.754 ;0;28;2;0;1;1;1;0;33;133;nan;0;0;0;0;0;72;113;1;304;168;16;0;0;0;0;32769;4100;1053;188;189;189;189;189;189;189;189;188;189;190;190;190;190;190;190;190;190;190;190;190;190;190;190;190;190;190;0;0;0;0;0;0;0;0;31;30;31;31;99;0;0;0;26;190;1;188;0;0;0;0;1048;0;0;25;36;0;0;0;1;0;0;50;180;1051;0;0;1127;150;147919;13;
13:15:16.050 ;0;28;2;0;1;1;1;0;33;133;nan;0;0;0;0;0;72;113;1;304;168;16;0;0;0;0;32769;4;1053;188;189;189;189;189;189;189;189;188;190;189;190;190;190;190;190;190;190;190;190;190;190;190;190;190;190;190;0;0;0;0;0;0;0;0;31;30;31;31;99;0;0;0;26;190;1;188;0;0;0;0;1048;0;0;25;36;0;0;0;1;0;0;50;180;1051;0;0;1127;150;148419;13;
13:15:16.052 ;0;29;2;0;1;1;1;0;33;133;nan;0;0;0;0;0;72;113;1;304;168;15;0;0;0;0;32769;4100;1053;188;189;189;189;189;189;189;189;188;190;189;190;190;190;190;190;190;190;190;190;190;190;190;190;190;190;190;0;0;0;0;0;0;0;0;31;30;31;31;99;0;0;0;26;190;1;188;0;0;0;0;1048;0;0;25;36;0;0;0;1;0;0;50;180;1051;0;0;1127;150;148919;13;
13:15:16.263 ;0;29;2;0;1;1;1;0;33;133;nan;0;0;0;0;0;72;113;1;304;168;16;0;0;0;0;32769;4;1053;188;189;189;189;189;189;189;189;188;190;189;190;190;190;190;190;190;190;190;190;190;190;190;190;190;190;190;0;0;0;0;0;0;0;0;31;30;31;31;99;0;0;0;26;190;1;188;0;0;0;0;1048;0;0;25;36;0;0;0;1;0;0;50;180;1051;0;0;1127;150;149419;13;
13:15:16.749 ;0;30;2;0;1;1;1;0;33;133;nan;0;0;0;0;0;72;113;1;304;168;16;0;0;0;0;32769;4100;1053;188;189;189;189;189;189;189;189;188;190;189;190;190;190;190;190;190;190;190;190;190;190;190;190;190;190;190;0;0;0;0;0;0;0;0;31;30;31;31;99;0;0;0;19;190;9;188;0;0;0;0;1048;0;0;25;36;0;0;0;1;0;0;50;180;1051;0;0;1127;150;149919;13;
13:15:17.252 ;0;30;2;0;1;1;1;0;33;133;nan;0;0;0;0;0;72;113;1;304;168;16;0;0;0;0;32769;4;1053;188;189;189;189;189;189;189;189;188;190;190;190;190;190;190;190;190;190;190;190;190;190;190;190;190;190;190;0;0;0;0;0;0;0;0;31;30;31;31;99;0;0;0;19;190;9;188;0;0;0;0;1048;0;0;25;36;0;0;0;1;0;0;50;180;1051;0;0;1127;150;150419;13;
13:15:17.746 ;0;31;2;0;1;1;1;0;32;133;nan;0;0;0;0;0;72;113;1;304;168;16;0;0;0;0;32769;4100;1053;188;189;189;189;189;189;189;189;188;190;190;190;190;190;190;190;190;190;190;190;190;190;190;190;190;190;190;0;0;0;0;0;0;0;0;31;30;31;31;99;0;0;0;19;190;9;188;0;0;0;0;1048;0;0;25;36;0;0;0;1;0;0;50;180;1051;0;0;1127;150;150919;13;
13:15:18.254 ;0;31;2;0;1;1;1;0;32;133;nan;0;0;0;0;0;72;113;1;304;168;16;0;0;0;0;32769;4;1053;188;189;189;189;189;189;189;189;188;190;190;190;190;190;190;190;190;190;190;190;190;190;190;190;190;190;190;0;0;0;0;0;0;0;0;31;30;31;31;99;0;0;0;19;190;9;188;0;0;0;0;1048;0;0;25;36;0;0;0;1;0;0;50;180;1051;0;0;1127;150;151419;13;
13:15:18.754 ;0;32;2;0;1;1;1;0;33;133;nan;0;0;0;0;0;72;113;1;304;168;16;0;0;0;0;32769;4100;1053;188;189;189;189;189;189;189;189;188;190;190;190;190;190;190;190;190;190;190;190;190;190;190;190;190;190;190;0;0;0;0;0;0;0;0;31;30;31;31;99;0;0;0;19;190;1;188;0;0;0;0;1048;0;0;25;36;0;0;0;1;0;0;50;180;1051;0;0;1127;150;151919;13;
13:15:19.272 ;0;32;2;0;1;1;1;0;33;133;nan;0;0;0;0;0;72;113;1;304;168;16;0;0;0;0;32769;4;1053;188;189;189;189;189;189;189;189;188;190;189;190;190;190;190;190;190;190;190;190;190;190;190;190;190;190;190;0;0;0;0;0;0;0;0;31;30;31;31;99;0;0;0;19;190;1;188;0;0;0;0;1048;0;0;25;36;0;0;0;1;0;0;50;180;1051;0;0;1127;150;152419;13;
13:15:19.783 ;0;33;2;0;1;1;1;0;33;133;nan;0;0;0;0;0;72;113;1;304;168;16;0;0;0;0;32769;4100;1053;188;189;189;189;189;189;189;189;188;190;189;190;190;190;190;190;190;190;190;190;190;190;190;190;190;190;190;0;0;0;0;0;0;0;0;31;30;31;31;99;0;0;0;19;190;1;188;0;0;0;0;1048;0;0;25;36;0;0;0;1;0;0;50;180;1051;0;0;1127;150;152919;13;
13:15:20.262 ;0;33;2;0;1;1;1;0;33;133;nan;0;0;0;0;0;72;113;1;304;168;16;0;0;0;0;32769;4;1053;188;189;189;189;189;189;189;189;188;190;189;190;190;190;190;190;190;190;190;190;190;190;190;190;190;190;190;0;0;0;0;0;0;0;0;31;30;31;31;99;0;0;0;19;190;1;188;0;0;0;0;1048;0;0;25;36;0;0;0;1;0;0;50;180;1051;0;0;1127;150;153419;13;
13:15:20.761 ;0;34;2;0;1;1;1;0;33;133;nan;0;0;0;0;0;72;113;1;304;168;16;0;0;0;0;32769;4100;1053;188;189;189;189;189;189;189;189;188;190;189;190;190;190;190;190;190;190;190;190;190;190;190;190;190;190;190;0;0;0;0;0;0;0;0;31;30;31;31;99;0;0;0;19;190;9;188;0;0;0;0;1048;0;0;25;36;0;0;0;1;0;0;50;180;1051;0;0;1127;150;153919;13;
13:15:21.493 ;0;34;2;0;1;1;1;0;33;133;nan;0;0;0;0;0;72;113;1;304;168;16;0;0;0;0;32769;4;1053;188;189;189;189;189;189;189;189;188;190;189;190;190;190;190;190;190;190;190;190;190;190;190;190;190;190;190;0;0;0;0;0;0;0;0;31;30;31;31;99;0;0;0;19;190;9;188;0;0;0;0;1048;0;0;25;36;0;0;0;1;0;0;50;180;1051;0;0;1127;150;154419;13;
13:15:22.484 ;0;35;2;0;1;1;1;0;33;133;nan;0;0;0;0;0;88;113;1;304;168;16;0;0;0;0;32769;4100;1053;188;189;189;189;189;189;189;189;188;190;190;190;190;190;190;190;191;191;191;191;191;191;191;191;191;191;191;0;0;0;0;0;0;0;0;31;30;31;31;99;0;0;0;19;190;9;188;0;0;0;0;1049;0;0;25;36;0;0;0;1;0;0;50;180;1061;175;0;1127;150;154919;13;
13:15:22.488 ;0;35;2;0;1;1;1;0;33;133;nan;0;0;0;0;0;88;113;1;304;168;16;0;0;0;0;32769;4;1053;188;189;189;189;189;189;189;189;188;190;190;190;190;190;190;190;191;191;191;191;191;191;191;191;191;191;191;0;0;0;0;0;0;0;0;31;30;31;31;99;0;0;0;19;190;9;188;0;0;0;0;1050;0;0;25;36;0;0;0;1;0;0;50;180;1060;151;0;1127;150;155419;13;
13:15:22.773 ;0;36;2;0;1;1;1;0;33;133;nan;0;0;0;0;0;88;113;1;304;168;16;0;0;0;0;32769;4100;1055;188;189;189;189;189;189;189;189;188;190;190;190;190;190;190;190;191;191;191;191;191;191;191;191;191;191;191;0;0;0;0;0;0;0;0;31;30;31;31;99;0;0;0;10;191;9;189;0;0;0;0;1051;0;0;25;36;0;0;0;1;0;0;50;180;1060;150;0;1127;150;155919;13;
13:15:23.256 ;0;36;2;0;1;1;1;0;32;133;nan;0;0;0;0;0;88;113;1;304;168;16;0;0;0;0;32769;4;1055;189;190;190;190;190;190;190;190;188;190;190;190;190;190;190;190;191;191;191;191;191;191;191;191;191;191;191;0;0;0;0;0;0;0;0;31;30;31;31;99;0;0;0;10;191;9;189;0;0;0;0;1051;0;0;25;36;0;0;0;1;0;0;50;180;1060;150;0;1127;150;156419;13;
13:15:23.764 ;0;37;2;0;1;1;1;0;32;133;nan;0;0;0;0;0;88;113;1;304;168;16;0;0;0;0;32769;4100;1055;189;190;190;190;190;190;190;190;189;191;190;191;191;190;191;190;191;191;191;191;191;191;191;191;191;191;191;0;0;0;0;0;0;0;0;31;30;31;31;99;0;0;0;10;191;9;189;0;0;0;0;1051;0;0;25;36;0;0;0;1;0;0;50;180;1061;150;0;1127;150;156919;13;
13:15:24.251 ;0;37;2;0;1;1;1;0;33;133;nan;0;0;0;0;0;88;113;1;304;168;16;0;0;0;0;32769;4;1055;189;190;190;190;190;190;190;190;189;191;190;191;191;190;191;190;191;191;191;191;191;191;191;191;191;191;191;0;0;0;0;0;0;0;0;31;30;31;31;99;0;0;0;10;191;9;189;0;0;0;0;1051;0;0;25;36;0;0;0;1;0;0;50;180;1059;150;0;1127;150;157419;13;
13:15:24.744 ;0;38;2;0;1;1;1;0;33;133;nan;0;0;0;0;0;88;113;1;304;168;16;0;0;0;0;32769;4100;1055;189;190;190;190;190;190;190;190;189;191;190;191;191;190;191;190;191;191;191;191;191;191;191;191;191;191;191;0;0;0;0;0;-86;0;0;31;30;31;31;99;0;0;0;10;191;1;189;0;0;0;0;1051;0;0;25;36;0;0;0;1;0;0;50;180;1060;149;0;1127;150;157919;13;
13:15:25.251 ;0;38;2;0;1;1;1;0;33;133;nan;0;0;0;0;0;88;113;1;304;168;16;0;0;0;0;32769;4;1055;189;190;190;190;190;190;190;190;189;191;190;191;191;190;191;190;191;191;191;191;191;191;191;191;191;191;191;0;0;0;0;0;-86;0;0;31;30;31;31;99;0;0;0;10;191;1;189;0;0;0;0;1051;0;0;25;36;0;0;0;1;0;0;50;180;1060;151;0;1127;150;158419;13;
13:15:25.759 ;0;39;2;0;1;1;1;0;33;133;nan;0;0;0;0;0;88;113;1;304;168;16;0;0;0;0;32769;4100;1055;189;190;190;190;190;190;190;190;189;191;190;191;191;191;191;191;191;191;191;191;191;191;191;191;191;191;191;0;0;0;0;0;-86;0;0;31;30;31;31;99;0;0;0;10;191;1;189;0;0;0;0;1051;0;0;25;36;0;0;0;1;0;0;50;180;1060;150;0;1127;150;158919;13;
13:15:26.266 ;0;39;2;0;1;1;1;0;33;133;nan;0;0;0;0;0;88;113;1;304;168;16;0;0;0;0;32769;4;1055;189;190;190;190;190;190;190;190;189;191;190;191;191;191;191;191;191;191;191;191;191;191;191;191;191;191;191;0;0;0;0;0;-86;0;0;31;30;31;31;99;0;0;0;10;191;1;189;0;0;0;0;1051;0;0;25;36;0;0;0;1;0;0;50;180;1060;150;0;1127;150;159419;13;
13:15:26.757 ;0;40;2;0;1;1;1;0;33;133;nan;0;0;0;0;0;88;113;1;304;168;16;0;0;0;0;32769;4100;1055;189;190;190;190;190;190;190;190;189;191;190;191;191;191;191;191;191;191;191;191;191;191;191;191;191;191;191;0;0;0;0;0;-86;0;0;31;30;31;31;99;0;0;0;10;191;9;189;0;0;0;0;1051;0;0;25;36;0;0;0;1;0;0;50;180;1060;150;0;1127;150;159919;13;
13:15:27.272 ;0;40;2;0;1;1;1;0;33;133;nan;0;0;0;0;0;72;113;1;304;168;16;0;0;0;0;32769;4;1055;188;189;189;189;189;189;189;190;189;191;190;191;191;191;191;191;191;191;191;191;191;191;191;191;191;191;191;0;0;0;0;0;-86;0;0;31;30;31;31;99;0;0;0;10;191;9;189;0;0;0;0;1051;0;0;25;36;0;0;0;1;0;0;50;180;1052;0;0;1127;150;160419;13;
13:15:28.426 ;0;41;2;0;1;1;1;0;33;133;nan;0;0;0;0;0;72;113;1;304;168;15;0;0;0;0;32769;4100;1055;188;189;189;189;189;189;189;190;188;190;190;190;190;190;190;190;190;190;191;190;190;190;190;190;190;191;190;0;0;0;0;0;-86;0;0;31;30;31;31;99;0;0;0;10;191;9;189;0;0;0;0;1050;0;0;25;36;0;0;0;1;0;0;50;180;1052;0;0;1127;150;160919;13;
13:15:28.433 ;0;41;2;0;1;1;1;0;33;133;nan;0;0;0;0;0;72;113;1;304;168;15;0;0;0;0;32769;4;1055;188;189;189;189;189;189;189;190;188;190;190;190;190;190;190;190;190;190;191;190;190;190;190;190;190;191;190;0;0;0;0;0;-86;0;0;31;30;31;31;99;0;0;0;10;191;9;189;0;0;0;0;1050;0;0;25;36;0;0;0;1;0;0;50;180;1051;0;0;1127;150;161419;13;
13:15:28.755 ;0;42;2;0;1;1;1;0;33;133;nan;0;0;0;0;0;72;113;1;304;168;16;0;0;0;0;32769;4100;1053;188;189;189;189;189;189;189;190;188;190;190;190;190;190;190;190;190;190;191;190;190;190;190;190;190;191;190;0;0;0;0;0;0;0;0;31;30;31;31;99;0;0;0;19;190;1;188;0;0;0;0;1050;0;0;25;36;0;0;0;1;0;0;50;180;1051;0;0;1127;150;161919;13;
13:15:29.270 ;0;42;2;0;1;1;1;0;33;133;nan;0;0;0;0;0;72;113;1;304;168;16;0;0;0;0;32769;4;1053;188;189;189;189;189;189;189;189;188;190;190;190;190;190;190;190;190;190;191;190;190;190;190;190;190;191;190;0;0;0;0;0;0;0;0;31;30;31;31;99;0;0;0;19;190;1;188;0;0;0;0;1050;0;0;25;36;0;0;0;1;0;0;50;180;1051;0;0;1127;150;162419;13;
13:15:29.745 ;0;43;2;0;1;1;1;0;33;133;nan;0;0;0;0;0;72;113;1;304;168;16;0;0;0;0;32769;4100;1053;188;189;189;189;189;189;189;189;188;190;190;190;190;190;190;190;190;190;190;190;190;190;190;190;190;190;190;0;0;0;0;0;0;0;0;31;30;31;31;99;0;0;0;19;190;1;188;0;0;0;0;1050;0;0;25;36;0;0;0;1;0;0;50;180;1051;0;0;1127;150;162919;13;
13:15:30.264 ;0;43;2;0;1;1;1;0;33;133;nan;0;0;0;0;0;64;113;1;304;168;16;0;0;0;0;32769;4;1053;188;189;189;189;189;189;189;189;188;190;190;190;190;190;190;190;190;190;190;190;190;190;190;190;190;190;190;0;0;0;0;0;0;0;0;31;30;31;31;99;0;0;0;19;190;1;188;0;0;0;0;1050;0;0;25;36;0;0;0;1;0;0;50;180;0;0;0;1127;150;163419;13;
13:15:30.748 ;0;44;2;0;1;1;1;0;33;133;nan;0;0;0;0;0;64;113;1;304;168;16;0;0;0;0;32769;4100;1053;188;189;189;189;189;189;189;189;188;190;190;190;190;190;190;190;190;190;190;190;190;190;190;190;190;190;190;0;0;0;0;0;0;0;0;31;30;31;31;99;0;0;0;19;190;1;188;0;0;0;0;1050;0;0;25;36;0;0;0;1;0;0;50;180;0;0;0;1127;150;163919;13;
13:15:31.255 ;0;44;2;0;1;1;1;0;33;133;nan;0;0;0;0;0;64;113;1;304;168;16;0;0;0;0;32769;4;1053;188;189;189;189;189;189;189;189;188;190;190;190;190;190;190;190;190;190;190;190;190;190;190;190;190;190;190;0;0;0;0;0;0;0;0;31;30;31;31;99;0;0;0;19;190;1;188;0;0;0;0;1050;0;0;25;36;0;0;0;1;0;0;50;180;0;0;0;1127;150;164419;13;
13:15:31.749 ;0;45;2;0;1;1;1;0;33;133;nan;0;0;0;0;0;64;113;1;304;168;16;0;0;0;0;32769;4100;1053;188;189;189;189;189;189;189;189;188;190;190;190;190;190;190;190;190;190;190;190;190;190;190;190;190;190;190;0;0;0;0;0;0;0;0;31;30;31;31;99;0;0;0;19;190;1;188;0;0;0;0;1050;0;0;25;36;0;0;0;1;0;0;50;180;0;0;0;1127;150;164919;13;
13:15:32.264 ;0;45;2;0;1;1;1;0;33;133;nan;0;0;0;0;0;64;113;1;304;168;16;0;0;0;0;32769;4;1053;188;189;189;189;189;189;189;189;188;190;190;190;190;190;190;190;190;190;190;190;190;190;190;190;190;190;190;0;0;0;0;0;0;0;0;31;30;31;31;99;0;0;0;19;190;1;188;0;0;0;0;1050;0;0;25;36;0;0;0;1;0;0;50;180;0;0;0;1127;150;165419;13;
13:15:32.748 ;0;46;2;0;1;1;1;0;33;133;nan;0;0;0;0;0;64;113;1;304;168;16;0;0;0;0;32769;4100;1053;188;189;189;189;189;189;189;189;188;190;190;190;190;190;190;190;190;190;190;190;190;190;190;190;190;190;190;0;0;0;0;0;0;0;0;31;30;31;31;99;0;0;0;19;190;9;188;0;0;0;0;1050;0;0;25;36;0;0;0;1;0;0;50;180;0;0;0;1127;150;165919;13;
13:15:33.247 ;0;46;2;0;1;1;1;0;33;133;nan;0;0;0;0;0;64;113;1;304;168;16;0;0;0;0;32769;4;1053;188;189;189;189;189;189;189;189;188;190;190;190;190;190;190;190;190;190;190;190;190;190;190;190;190;190;190;0;0;0;0;0;0;0;0;31;30;31;31;99;0;0;0;19;190;9;188;0;0;0;0;1050;0;0;25;36;0;0;0;1;0;0;50;180;0;0;0;1127;150;166419;13;
13:15:33.870 ;0;47;2;0;1;1;1;0;33;133;nan;0;0;0;0;0;64;113;1;304;168;16;0;0;0;0;32769;4100;1053;188;189;189;189;189;189;189;189;188;190;190;190;190;190;190;190;190;190;190;190;190;190;190;190;190;190;190;0;0;0;0;0;0;0;0;31;30;31;31;99;0;0;0;19;190;9;188;0;0;0;0;1050;0;0;25;36;0;0;0;1;0;0;50;180;0;0;0;1127;150;166919;13;
13:15:34.861 ;0;47;2;0;1;1;1;0;33;133;nan;0;0;0;0;0;64;113;1;304;168;16;0;0;0;0;32769;4;1053;188;189;189;189;189;189;189;189;188;190;190;190;190;190;190;190;190;190;190;190;190;190;190;190;190;190;190;0;0;0;0;0;0;0;0;31;30;31;31;99;0;0;0;19;190;9;188;0;0;0;0;1050;0;0;25;36;0;0;0;1;0;0;50;180;0;0;0;1127;150;167419;13;
13:15:34.865 ;0;48;2;0;1;1;1;0;33;133;nan;0;0;0;0;0;64;113;1;304;168;16;0;0;0;0;32769;4100;1053;188;189;189;189;189;189;189;189;188;190;190;190;190;190;190;190;190;190;190;190;190;190;190;190;190;190;190;0;0;0;0;0;0;0;0;31;30;31;31;99;0;0;0;26;190;9;188;0;0;0;0;1050;0;0;25;36;0;0;0;1;0;0;50;180;0;0;0;1127;150;167921;13;
13:15:35.255 ;0;48;2;0;1;1;1;0;33;133;nan;0;0;0;0;0;72;113;2;408;168;16;0;0;0;0;32769;4;1053;188;189;189;189;189;189;189;189;188;190;190;190;190;190;190;190;190;190;190;190;190;190;190;190;190;190;190;0;0;0;0;0;0;0;0;31;30;31;31;99;0;0;0;26;190;9;188;0;0;0;0;1050;0;0;25;36;0;0;0;1;0;0;50;180;0;0;8;1127;150;168422;13;
13:15:35.767 ;0;49;2;0;1;1;1;0;33;133;nan;0;0;0;0;0;72;113;2;408;169;15;0;0;0;0;32769;4100;1053;188;189;189;189;189;189;189;189;188;190;190;190;190;190;190;190;190;190;190;190;190;190;190;190;190;190;190;0;0;0;0;0;0;0;0;31;30;31;31;99;0;0;0;26;190;9;188;0;0;0;0;1050;0;0;25;36;0;0;0;1;0;0;50;180;0;0;8;1127;150;168922;13;
13:15:36.280 ;0;49;2;0;1;1;1;0;33;133;nan;0;0;0;0;0;72;113;2;408;169;15;0;0;0;0;32769;4;1053;188;189;189;189;189;189;189;189;188;190;190;190;190;190;190;190;190;190;190;190;190;190;190;190;190;190;190;0;0;0;0;0;0;0;0;31;30;31;31;99;0;0;0;26;190;9;188;0;0;0;0;1050;0;0;25;36;0;0;0;1;0;0;50;180;0;0;8;1127;150;169422;13;
13:15:36.750 ;0;50;2;0;1;1;1;0;33;133;nan;0;0;0;0;0;72;113;2;408;168;15;0;0;0;0;32769;4100;1053;188;189;189;189;189;189;189;189;188;190;190;190;190;190;190;190;190;190;190;190;190;190;190;190;190;190;190;0;0;0;0;0;0;0;0;31;30;31;31;99;0;0;0;19;190;1;188;0;0;0;0;1050;0;0;25;36;0;0;0;1;0;0;50;180;0;0;8;1127;150;169922;13;
13:15:37.263 ;0;50;2;0;1;1;1;0;33;133;nan;0;0;0;0;0;72;113;2;408;168;16;0;0;0;0;32769;4;1053;188;189;189;189;189;189;189;189;188;190;190;190;190;190;190;190;190;190;190;190;190;190;190;190;190;190;190;0;0;0;0;0;0;0;0;31;30;31;31;99;0;0;0;19;190;1;188;0;0;0;0;1050;0;0;25;36;0;0;0;1;0;0;50;180;1047;0;8;1127;150;170422;13;
13:15:37.757 ;0;51;2;0;1;1;1;0;33;133;nan;0;0;0;0;0;72;113;2;408;168;16;0;0;0;0;32769;4100;1053;188;189;189;189;189;189;189;189;188;190;190;190;190;190;190;190;190;190;190;190;190;190;190;190;190;190;190;0;0;0;0;0;0;0;0;31;30;31;31;99;0;0;0;19;190;1;188;0;0;0;0;1050;0;0;25;36;0;0;0;1;0;0;50;180;1047;0;8;1127;150;170922;13;
13:15:38.264 ;0;51;2;0;1;1;1;0;33;133;nan;0;0;0;0;0;72;113;2;408;168;16;0;0;0;0;32769;4;1053;188;189;189;189;189;189;189;189;188;190;190;190;190;190;190;190;190;190;190;190;190;190;190;190;190;190;190;0;0;0;0;0;0;0;0;31;30;31;31;99;0;0;0;19;190;1;188;0;0;0;0;1050;0;0;25;36;0;0;0;1;0;0;50;180;1047;0;8;1127;150;171422;13;
13:15:38.759 ;0;52;2;0;1;1;1;0;33;133;nan;0;0;0;0;0;72;113;2;408;168;16;0;0;0;0;32769;4100;1053;188;189;189;189;189;189;189;189;188;190;190;190;190;190;190;190;190;190;190;190;190;190;190;190;190;190;190;0;0;0;0;0;0;0;0;31;30;31;31;99;0;0;0;19;190;1;188;0;0;0;0;1050;0;0;25;36;0;0;0;1;0;0;50;180;1046;0;8;1127;150;171922;13;
13:15:39.273 ;0;52;2;0;1;1;1;0;33;133;nan;0;0;0;0;0;72;113;2;408;168;16;0;0;0;0;32769;4;1053;188;189;189;189;189;189;189;189;188;190;190;190;190;190;190;190;190;190;190;190;190;190;190;190;190;190;190;0;0;0;0;0;0;0;0;31;30;31;31;99;0;0;0;19;190;1;188;0;0;0;0;1050;0;0;25;36;0;0;0;1;0;0;50;180;1047;0;8;1127;150;172422;13;
13:15:39.758 ;0;53;2;0;1;1;1;0;33;133;nan;0;0;0;0;0;72;113;2;408;168;15;0;0;0;0;32769;4100;1053;188;189;189;189;189;189;189;189;188;190;190;190;190;190;190;190;190;190;190;190;190;190;190;190;190;190;190;0;0;0;0;0;0;0;0;31;30;31;31;99;0;0;0;19;190;1;188;0;0;0;0;1050;0;0;25;36;0;0;0;1;0;0;50;180;1047;0;8;1127;150;172922;13;
13:15:40.799 ;0;53;2;0;1;1;1;0;33;133;nan;0;0;0;0;0;72;113;1;304;168;16;0;0;0;0;32769;4;1053;188;189;189;189;189;189;189;189;188;190;190;190;190;190;190;190;190;190;190;190;190;190;190;190;190;190;190;0;0;0;0;0;0;0;0;31;30;31;31;99;0;0;0;19;190;1;188;0;0;0;0;1050;0;0;25;36;0;0;0;1;0;0;50;180;1051;0;0;1127;150;173422;13;
13:15:40.802 ;0;54;2;0;1;1;1;0;33;133;nan;0;0;0;0;0;72;113;1;304;168;16;0;0;0;0;32769;4100;1053;188;189;189;189;189;189;189;189;188;190;190;190;190;190;190;190;190;190;190;190;190;190;190;190;190;190;190;0;0;0;0;0;0;0;0;31;30;31;31;99;0;0;0;19;190;1;188;0;0;0;0;1050;0;0;25;36;0;0;0;1;0;0;50;180;1051;0;0;1127;150;173922;13;
13:15:41.260 ;0;54;2;0;1;1;1;0;33;133;nan;0;0;0;0;0;72;113;1;304;168;16;0;0;0;0;32769;4;1053;188;189;189;189;189;189;189;189;188;190;190;190;190;190;190;190;190;190;190;190;190;190;190;190;190;190;190;0;0;0;0;0;0;0;0;31;30;31;31;99;0;0;0;19;190;1;188;0;0;0;0;1050;0;0;25;36;0;0;0;1;0;0;50;180;1051;0;0;1127;150;174422;13;
13:15:41.762 ;0;55;2;0;1;1;1;0;33;133;nan;0;0;0;0;0;72;113;1;304;168;16;0;0;0;0;32769;4100;1053;188;189;189;189;189;189;189;189;188;190;190;190;190;190;190;190;190;190;190;190;190;190;190;190;190;190;190;0;0;0;0;0;0;0;0;31;30;31;31;99;0;0;0;19;190;1;188;0;0;0;0;1050;0;0;25;36;0;0;0;1;0;0;50;180;1051;0;0;1127;150;174922;13;
13:15:42.270 ;0;55;2;0;1;1;1;0;33;133;nan;0;0;0;0;0;72;113;1;304;168;16;0;0;0;0;32769;4;1053;188;189;189;189;189;189;189;189;188;190;190;190;190;190;190;190;190;190;190;190;190;190;190;190;190;190;190;0;0;0;0;0;0;0;0;31;30;31;31;99;0;0;0;19;190;1;188;0;0;0;0;1050;0;0;25;36;0;0;0;1;0;0;50;180;1051;0;0;1127;150;175422;13;
13:15:42.765 ;0;56;2;0;1;1;1;0;33;133;nan;0;0;0;0;0;72;113;1;304;168;15;0;0;0;0;32769;4100;1053;188;189;189;189;189;189;189;189;188;190;190;190;190;190;190;190;190;190;190;190;190;190;190;190;190;190;190;0;0;0;0;0;0;0;0;31;30;31;31;99;0;0;0;19;190;1;188;0;0;0;0;1050;0;0;25;36;0;0;0;1;0;0;50;180;1051;0;0;1127;150;175922;13;
13:15:43.250 ;0;56;2;0;1;1;1;0;33;133;nan;0;0;0;0;0;72;113;1;304;168;15;0;0;0;0;32769;4;1053;188;189;189;189;189;189;189;189;188;190;190;190;190;190;190;190;190;190;190;190;190;190;190;190;190;190;190;0;0;0;0;0;0;0;0;31;30;31;31;99;0;0;0;19;190;1;188;0;0;0;0;1050;0;0;25;36;0;0;0;1;0;0;50;180;1051;0;0;1127;150;176422;13;
13:15:43.749 ;0;57;2;0;1;1;1;0;33;133;nan;0;0;0;0;0;72;113;1;304;168;16;0;0;0;0;32769;4100;1053;188;189;189;189;189;189;189;189;188;190;190;190;190;190;190;190;190;190;190;190;190;190;190;190;190;190;190;0;0;0;0;0;0;0;0;31;30;31;31;99;0;0;0;19;190;1;188;0;0;0;0;1050;0;0;25;36;0;0;0;1;0;0;50;180;1051;0;0;1127;150;176922;13;
13:15:44.269 ;0;57;2;0;1;1;1;0;33;133;nan;0;0;0;0;0;72;113;1;304;168;16;0;0;0;0;32769;4;1053;188;189;189;189;189;189;189;189;188;190;190;190;190;190;190;190;190;190;190;190;190;190;190;190;190;190;190;0;0;0;0;0;0;0;0;31;30;31;31;99;0;0;0;19;190;1;188;0;0;0;0;1050;0;0;25;36;0;0;0;1;0;0;50;180;1051;0;0;1127;150;177422;13;
13:15:44.764 ;0;58;2;0;1;1;1;0;33;133;nan;0;0;0;0;0;72;113;1;304;168;16;0;0;0;0;32769;4100;1053;188;189;189;189;189;189;189;189;188;190;190;190;190;190;190;190;190;190;190;190;190;190;190;190;190;190;190;0;0;0;0;0;0;0;0;31;30;31;31;99;0;0;0;19;190;1;188;0;0;0;0;1050;0;0;25;36;0;0;0;1;0;0;50;180;1051;0;0;1127;150;177922;13;
13:15:45.257 ;0;58;2;0;1;1;1;0;33;133;nan;0;0;0;0;0;72;113;1;304;168;16;0;0;0;0;32769;4;1053;188;189;189;189;189;189;189;189;188;190;190;190;190;190;190;190;190;190;190;190;190;190;190;190;190;190;190;0;0;0;0;0;0;0;0;31;30;31;31;99;0;0;0;19;190;9;188;0;0;0;0;1050;0;0;25;36;0;0;0;1;0;0;50;180;1051;0;0;1127;150;178422;13;
13:15:45.773 ;0;59;2;0;1;1;1;0;33;133;nan;0;0;0;0;0;72;113;1;304;168;16;0;0;0;0;32769;4100;1053;188;189;189;189;189;189;189;189;188;190;190;190;190;190;190;190;190;190;190;190;190;190;190;190;190;190;190;0;0;0;0;0;0;0;0;31;30;31;31;99;0;0;0;19;190;9;188;0;0;0;0;1050;0;0;25;36;0;0;0;1;0;0;50;180;1051;0;0;1127;150;178922;13;
13:15:46.246 ;0;59;2;0;1;1;1;0;33;133;nan;0;0;0;0;0;72;113;1;304;168;16;0;0;0;0;32769;4;1053;188;189;189;189;189;189;189;189;188;190;190;190;190;190;190;190;190;190;190;190;190;190;190;190;190;190;190;0;0;0;0;0;0;0;0;31;30;31;31;99;0;0;0;19;190;9;188;0;0;0;0;1050;0;0;25;36;0;0;0;1;0;0;50;180;1051;0;0;1127;150;179422;13;
13:15:46.774 ;0;0;3;0;1;1;1;0;33;133;nan;0;0;0;0;0;72;113;1;304;168;16;0;0;0;0;32769;4100;1053;188;189;189;189;189;189;189;189;188;190;190;190;190;190;190;190;190;190;190;190;190;190;190;190;190;190;190;0;0;0;0;0;0;0;0;31;30;31;31;99;0;0;0;19;190;9;188;0;0;0;0;1050;0;0;25;36;0;0;0;1;0;0;50;180;1051;0;0;1127;150;179922;13;
13:15:47.270 ;0;0;3;0;1;1;1;0;33;133;nan;0;0;0;0;0;72;113;1;304;168;16;0;0;0;0;32769;4;1053;188;189;189;189;189;189;189;189;188;190;190;190;190;190;190;190;190;190;190;190;190;190;190;190;190;190;190;0;0;0;0;0;0;0;0;31;30;31;31;99;0;0;0;19;190;1;188;0;0;0;0;1050;0;0;25;36;0;0;0;1;0;0;50;180;1051;0;0;1127;150;180422;13;
13:15:47.750 ;0;1;3;0;1;1;1;0;33;133;nan;0;0;0;0;0;88;113;1;304;168;16;0;0;0;0;32769;4100;1053;188;189;189;189;189;189;189;189;188;190;190;190;190;190;190;190;190;190;190;190;190;190;190;190;190;190;190;0;0;0;0;0;0;0;0;31;30;31;31;99;0;0;0;19;190;1;188;0;0;0;0;1050;0;0;25;36;0;0;0;1;0;0;50;180;1061;173;0;1127;150;180922;13;
13:15:48.275 ;0;1;3;0;1;1;1;0;33;133;nan;0;0;0;0;0;88;113;1;304;168;16;0;0;0;0;32769;4;1053;188;189;189;189;189;189;189;189;188;190;190;190;190;190;190;190;190;190;190;190;190;190;190;190;190;190;190;0;0;0;0;0;0;0;0;31;30;31;31;99;0;0;0;19;190;1;188;0;0;0;0;1051;0;0;25;36;0;0;0;1;0;0;50;180;1059;150;0;1127;150;181422;13;
13:15:48.777 ;0;2;3;0;1;1;1;0;33;133;nan;0;0;0;0;0;88;113;1;304;168;16;0;0;0;0;32769;4100;1055;188;189;189;189;189;189;189;189;188;190;190;190;190;190;190;190;190;190;190;190;190;190;190;190;190;190;190;0;0;0;0;0;-87;0;0;31;30;31;31;99;0;0;0;19;190;1;188;0;0;0;0;1051;0;0;25;36;0;0;0;1;0;0;50;180;1059;150;0;1127;150;181922;13;
13:15:49.256 ;0;2;3;0;1;1;1;0;33;133;nan;0;0;0;0;0;88;113;1;304;168;16;0;0;0;0;32769;4;1055;188;189;189;189;189;189;189;189;188;190;190;190;190;190;190;190;190;190;190;190;190;190;190;190;190;190;190;0;0;0;0;0;-87;0;0;31;30;31;31;99;0;0;0;10;191;9;189;0;0;0;0;1051;0;0;25;36;0;0;0;1;0;0;50;180;1059;150;0;1127;150;182422;13;
13:15:49.754 ;0;3;3;0;1;1;1;0;33;133;nan;0;0;0;0;0;88;113;1;304;168;16;0;0;0;0;32769;4100;1055;189;190;190;190;190;190;190;190;189;191;190;191;191;191;191;191;191;191;191;191;190;190;190;190;190;190;190;0;0;0;0;0;-87;0;0;31;30;31;31;99;0;0;0;10;191;9;189;0;0;0;0;1051;0;0;25;36;0;0;0;1;0;0;50;180;1060;150;0;1127;150;182922;13;
13:15:50.265 ;0;3;3;0;1;1;1;0;33;133;nan;0;0;0;0;0;88;113;1;304;168;16;0;0;0;0;32769;4;1055;189;190;190;190;190;190;190;190;189;191;190;191;191;191;191;191;191;191;191;191;191;191;191;191;191;191;191;0;0;0;0;0;-87;0;0;31;30;31;31;99;0;0;0;10;191;9;189;0;0;0;0;1051;0;0;25;36;0;0;0;1;0;0;50;180;1061;150;0;1127;150;183422;13;
13:15:50.757 ;0;4;3;0;1;1;1;0;33;133;nan;0;0;0;0;0;88;113;1;304;168;16;0;0;0;0;32769;4100;1055;189;190;190;190;190;190;190;190;189;191;190;191;191;191;191;191;191;191;191;191;191;191;191;191;191;191;191;0;0;0;0;0;-86;0;0;31;30;31;31;99;0;0;0;10;191;9;189;0;0;0;0;1051;0;0;25;36;0;0;0;1;0;0;50;180;1061;150;0;1127;150;183922;13;
13:15:51.257 ;0;4;3;0;1;1;1;0;33;133;nan;0;0;0;0;0;88;113;1;304;168;16;0;0;0;0;32769;4;1055;189;190;190;190;190;190;190;190;189;191;190;191;191;191;191;191;191;191;191;191;191;191;191;191;191;191;191;0;0;0;0;0;-86;0;0;31;30;31;31;99;0;0;0;10;191;9;189;0;0;0;0;1051;0;0;25;36;0;0;0;1;0;0;50;180;1060;150;0;1127;150;184422;13;
13:15:51.751 ;0;5;3;0;1;1;1;0;33;133;nan;0;0;0;0;0;88;113;1;304;168;16;0;0;0;0;32769;4100;1055;189;190;190;190;190;190;190;190;189;191;191;191;191;191;191;191;191;191;191;191;191;191;191;191;191;191;191;0;0;0;0;0;-86;0;0;31;30;31;31;99;0;0;0;10;191;9;189;0;0;0;0;1051;0;0;25;36;0;0;0;1;0;0;50;180;1060;150;0;1127;150;184922;13;
13:15:52.682 ;0;5;3;0;1;1;1;0;33;133;nan;0;0;0;0;0;88;113;1;304;168;16;0;0;0;0;32769;4;1055;189;190;190;190;190;190;190;190;189;191;191;191;191;191;191;191;191;191;191;191;191;191;191;191;191;191;191;0;0;0;0;0;-86;0;0;31;30;31;31;99;0;0;0;10;191;9;189;0;0;0;0;1051;0;0;25;36;0;0;0;1;0;0;50;180;1060;150;0;1127;150;185422;13;
13:15:52.754 ;0;6;3;0;1;1;1;0;33;133;nan;0;0;0;0;0;88;113;1;304;168;16;0;0;0;0;32769;4100;1055;189;190;190;190;190;190;190;190;189;191;191;191;191;191;191;191;191;191;191;191;191;191;191;191;191;191;191;0;0;0;0;0;-86;0;0;31;30;31;31;99;0;0;0;10;191;9;189;0;0;0;0;1052;0;0;25;36;0;0;0;1;0;0;50;180;1060;150;0;1127;150;185922;13;
13:15:53.272 ;0;6;3;0;1;1;1;0;33;133;nan;0;0;0;0;0;88;113;1;304;168;15;0;0;0;0;32769;4;1055;189;190;190;190;190;190;190;190;189;191;191;191;191;191;191;191;191;191;191;191;191;191;191;191;191;191;191;0;0;0;0;0;-86;0;0;31;30;31;31;99;0;0;0;10;191;9;189;0;0;0;0;1052;0;0;25;36;0;0;0;1;0;0;50;180;1060;149;0;1127;150;186422;13;
13:15:53.753 ;0;7;3;0;1;1;1;0;33;133;nan;0;0;0;0;0;88;113;1;304;168;15;0;0;0;0;32769;4100;1055;189;190;190;190;190;190;190;190;189;191;191;191;191;191;191;191;191;191;191;191;191;191;191;191;191;191;191;0;0;0;0;0;-86;0;0;31;30;31;31;99;0;0;0;10;191;9;189;0;0;0;0;1052;0;0;25;36;0;0;0;1;0;0;50;180;1060;150;0;1127;150;186922;13;
13:15:54.262 ;0;7;3;0;1;1;1;0;33;133;nan;0;0;0;0;0;88;113;1;304;168;16;0;0;0;0;32769;4;1055;189;190;190;190;190;190;190;190;189;191;191;191;191;191;191;191;191;191;191;191;191;191;191;191;191;191;191;0;0;0;0;0;-86;0;0;31;30;31;31;99;0;0;0;10;191;9;189;0;0;0;0;1052;0;0;25;36;0;0;0;1;0;0;50;180;1060;150;0;1127;150;187422;13;
13:15:54.752 ;0;8;3;0;1;1;1;0;33;133;nan;0;0;0;0;0;88;113;1;304;168;16;0;0;0;0;32769;4100;1056;189;190;190;190;190;190;190;190;189;191;191;191;191;191;191;191;191;191;191;191;191;191;191;191;191;191;191;0;0;0;0;0;-86;0;0;31;30;31;31;99;0;0;0;10;191;9;189;0;0;0;0;1052;0;0;25;36;0;0;0;1;0;0;50;180;1060;150;0;1127;150;187922;13;
13:15:55.261 ;0;8;3;0;1;1;1;0;33;133;nan;0;0;0;0;0;88;113;1;304;168;16;0;0;0;0;32769;4;1056;189;190;190;190;190;190;190;190;189;191;191;191;191;191;191;191;191;191;191;191;191;191;191;191;191;191;191;0;0;0;0;0;-86;0;0;31;30;31;31;99;0;0;0;10;191;9;189;0;0;0;0;1052;0;0;25;36;0;0;0;1;0;0;50;180;1060;149;0;1127;150;188422;13;
13:15:55.770 ;0;9;3;0;1;1;1;0;33;133;nan;0;0;0;0;0;88;113;1;304;168;16;0;0;0;0;32769;4100;1056;189;190;190;190;190;190;190;190;189;191;191;191;191;191;191;191;191;191;191;191;191;191;191;191;191;191;191;0;0;0;0;0;-86;0;0;31;30;31;31;99;0;0;0;10;191;9;189;0;0;0;0;1052;0;0;25;36;0;0;0;1;0;0;50;180;1061;151;0;1127;150;188922;13;
13:15:56.259 ;0;9;3;0;1;1;1;0;33;133;nan;0;0;0;0;0;88;113;1;304;168;16;0;0;0;0;32769;4;1056;189;190;190;190;190;190;190;190;189;191;191;191;191;191;191;191;191;191;191;191;191;191;191;191;191;191;191;0;0;0;0;0;-86;0;0;31;30;31;31;99;0;0;0;10;191;9;189;0;0;0;0;1052;0;0;25;36;0;0;0;1;0;0;50;180;1060;150;0;1127;150;189422;13;
13:15:56.762 ;0;10;3;0;1;1;1;0;33;133;nan;0;0;0;0;0;88;113;1;304;168;16;0;0;0;0;32769;4100;1056;189;190;190;190;190;190;190;190;189;191;191;191;191;191;191;191;191;191;191;191;191;191;191;191;191;191;191;0;0;0;0;0;-86;0;0;31;30;31;31;99;0;0;0;10;191;9;189;0;0;0;0;1052;0;0;25;36;0;0;0;1;0;0;50;180;1061;149;0;1127;150;189922;13;
13:15:57.260 ;0;10;3;0;1;1;1;0;33;133;nan;0;0;0;0;0;88;113;1;304;168;16;0;0;0;0;32769;4;1056;189;190;190;190;190;190;190;190;189;191;191;191;191;191;191;191;191;191;191;191;191;191;191;191;191;191;191;0;0;0;0;0;-86;0;0;31;30;31;31;99;0;0;0;10;191;9;189;0;0;0;0;1052;0;0;25;36;0;0;0;1;0;0;50;180;1060;151;0;1127;150;190422;13;
13:15:58.622 ;0;11;3;0;1;1;1;0;33;133;nan;0;0;0;0;0;88;113;1;304;168;16;0;0;0;0;32769;4100;1056;189;190;190;190;190;190;190;190;189;191;191;191;191;191;191;191;191;191;191;191;191;191;191;191;191;191;191;0;0;0;0;0;-86;0;0;31;30;31;31;99;0;0;0;10;191;9;189;0;0;0;0;1052;0;0;25;36;0;0;0;1;0;0;50;180;1060;150;0;1127;150;190922;13;
13:15:58.626 ;0;11;3;0;1;1;1;0;33;133;nan;0;0;0;0;0;72;113;1;304;168;16;0;0;0;0;32769;4;1056;189;190;190;190;190;190;190;190;189;191;191;191;191;191;191;191;191;191;191;191;191;191;191;191;191;191;191;0;0;0;0;0;-86;0;0;31;30;31;31;99;0;0;0;10;191;9;189;0;0;0;0;1051;0;0;25;36;0;0;0;1;0;0;50;180;1052;0;0;1127;150;191422;13;
13:15:58.753 ;0;12;3;0;1;1;1;0;33;133;nan;0;0;0;0;0;72;113;1;304;168;16;0;0;0;0;32769;4100;1054;189;190;190;190;190;190;190;190;189;191;191;191;191;191;191;191;191;191;191;191;191;191;191;191;191;191;191;0;0;0;0;0;0;0;0;31;30;31;31;99;0;0;0;10;191;9;189;0;0;0;0;1050;0;0;25;36;0;0;0;1;0;0;50;180;1052;0;0;1127;150;191922;13;
13:15:59.268 ;0;12;3;0;1;1;1;0;33;133;nan;0;0;0;0;0;72;113;1;304;168;16;0;0;0;0;32769;4;1054;189;190;190;190;190;190;190;190;189;191;191;191;191;191;191;191;191;191;191;191;191;191;191;191;191;191;191;0;0;0;0;0;0;0;0;31;30;31;31;99;0;0;0;19;191;1;188;0;0;0;0;1050;0;0;25;36;0;0;0;1;0;0;50;180;1052;0;0;1127;150;192422;13;
13:15:59.766 ;0;13;3;0;1;1;1;0;33;133;nan;0;0;0;0;0;72;113;1;304;168;16;0;0;0;0;32769;4100;1054;188;190;190;190;189;190;190;190;188;190;190;190;190;190;190;190;191;191;191;191;191;191;191;191;191;191;191;0;0;0;0;0;0;0;0;31;30;31;31;99;0;0;0;19;191;1;188;0;0;0;0;1050;0;0;25;36;0;0;0;1;0;0;50;180;1052;0;0;1127;150;192922;13;
13:16:00.259 ;0;13;3;0;1;1;1;0;33;133;nan;0;0;0;0;0;72;113;1;304;168;16;0;0;0;0;32769;4;1054;188;190;190;190;189;190;190;190;188;190;190;190;190;190;190;190;190;190;191;191;190;190;191;191;190;191;190;0;0;0;0;0;0;0;0;31;30;31;31;99;0;0;0;19;191;1;188;0;0;0;0;1050;0;0;25;36;0;0;0;1;0;0;50;180;1052;0;0;1127;150;193422;13;
13:16:00.756 ;0;14;3;0;1;1;1;0;33;133;nan;0;0;0;0;0;64;113;1;304;168;16;0;0;0;0;32769;4100;1053;188;190;190;190;189;190;190;190;188;190;190;190;190;190;190;190;190;190;191;191;190;190;191;191;190;191;190;0;0;0;0;0;0;0;0;31;30;31;31;99;0;0;0;19;191;1;188;0;0;0;0;1050;0;0;25;36;0;0;0;1;0;0;50;180;0;0;0;1127;150;193922;13;
13:16:01.263 ;0;14;3;0;1;1;1;0;33;133;nan;0;0;0;0;0;64;113;1;304;168;16;0;0;0;0;32769;4;1053;188;190;190;190;189;190;190;190;188;190;190;190;190;190;190;190;190;190;191;191;190;190;191;191;190;191;190;0;0;0;0;0;0;0;0;31;30;31;31;99;0;0;0;19;191;1;188;0;0;0;0;1050;0;0;25;36;0;0;0;1;0;0;50;180;0;0;0;1127;150;194422;13;
13:16:01.750 ;0;15;3;0;1;1;1;0;33;133;nan;0;0;0;0;0;64;113;1;304;168;16;0;0;0;0;32769;4100;1053;188;190;190;190;189;190;190;190;188;190;190;190;190;190;190;190;190;190;191;191;190;190;191;191;190;191;190;0;0;0;0;0;0;0;0;31;30;31;31;99;0;0;0;19;191;1;188;0;0;0;0;1050;0;0;25;36;0;0;0;1;0;0;50;180;0;0;0;1127;150;194922;13;
13:16:02.267 ;0;15;3;0;1;1;1;0;33;133;nan;0;0;0;0;0;64;113;1;304;168;16;0;0;0;0;32769;4;1053;188;190;190;190;189;190;190;190;188;190;190;190;190;190;190;190;190;190;191;191;190;190;190;191;190;191;190;0;0;0;0;0;0;0;0;31;30;31;31;99;0;0;0;19;191;1;188;0;0;0;0;1050;0;0;25;36;0;0;0;1;0;0;50;180;0;0;0;1127;150;195422;13;
13:16:02.766 ;0;16;3;0;1;1;1;0;33;133;nan;0;0;0;0;0;64;113;1;304;168;16;0;0;0;0;32769;4100;1053;188;190;190;190;189;190;190;190;188;190;190;190;190;190;190;190;190;190;191;191;190;190;190;191;190;191;190;0;0;0;0;0;0;0;0;31;30;31;31;99;0;0;0;19;191;1;188;0;0;0;0;1050;0;0;25;36;0;0;0;1;0;0;50;180;0;0;0;1127;150;195922;13;
13:16:03.271 ;0;16;3;0;1;1;1;0;33;133;nan;0;0;0;0;0;64;113;1;304;168;16;0;0;0;0;32769;4;1053;188;190;190;190;189;190;190;190;188;190;190;190;190;190;190;190;190;190;191;191;190;190;190;191;190;191;190;0;0;0;0;0;0;0;0;31;30;31;31;99;0;0;0;19;191;9;188;0;0;0;0;1050;0;0;25;36;0;0;0;1;0;0;50;180;0;0;0;1127;150;196422;13;
13:16:04.562 ;0;17;3;0;1;1;1;0;33;133;nan;0;0;0;0;0;64;113;1;304;168;16;0;0;0;0;32769;4100;1053;189;189;190;189;189;190;189;190;188;190;190;190;190;190;190;190;190;190;191;191;190;190;190;191;190;191;190;0;0;0;0;0;0;0;0;31;30;31;31;99;0;0;0;19;191;9;188;0;0;0;0;1050;0;0;25;36;0;0;0;1;0;0;50;180;0;0;0;1127;150;196922;13;
13:16:04.568 ;0;17;3;0;1;1;1;0;33;133;nan;0;0;0;0;0;72;113;2;408;168;16;0;0;0;0;32769;4;1053;189;189;190;189;189;190;189;190;188;190;190;190;190;190;190;190;190;190;191;191;190;190;190;191;190;191;190;0;0;0;0;0;0;0;0;31;30;31;31;99;0;0;0;19;191;9;188;0;0;0;0;1050;0;0;25;36;0;0;0;1;0;0;50;180;0;0;8;1127;150;197422;13;
13:16:04.759 ;0;18;3;0;1;1;1;0;33;133;nan;0;0;0;0;0;72;113;2;408;168;16;0;0;0;0;32769;4100;1053;189;189;190;189;189;190;189;190;188;190;190;190;190;190;190;190;190;190;191;191;190;190;190;191;190;191;190;0;0;0;0;0;0;0;0;31;30;31;31;99;0;0;0;19;191;9;188;0;0;0;0;1050;0;0;25;36;0;0;0;1;0;0;50;180;0;0;8;1127;150;197922;13;
13:16:05.260 ;0;18;3;0;1;1;1;0;33;133;nan;0;0;0;0;0;72;113;2;408;168;16;0;0;0;0;32769;4;1053;189;189;190;189;189;190;189;190;188;190;190;190;190;190;190;190;190;190;191;191;190;190;190;191;190;191;190;0;0;0;0;0;0;0;0;31;30;31;31;99;0;0;0;19;191;1;188;0;0;0;0;1050;0;0;25;36;0;0;0;1;0;0;50;180;0;0;8;1127;150;198422;13;
13:16:05.757 ;0;19;3;0;1;1;1;0;33;133;nan;0;0;0;0;0;72;113;2;408;168;16;0;0;0;0;32769;4100;1053;188;189;189;189;189;189;190;189;188;190;190;190;190;190;190;190;190;190;191;191;190;190;190;191;190;191;190;0;0;0;0;0;0;0;0;31;30;31;31;99;0;0;0;19;191;1;188;0;0;0;0;1050;0;0;25;36;0;0;0;1;0;0;50;180;0;0;8;1127;150;198922;13;
13:16:06.269 ;0;19;3;0;1;1;1;0;33;133;nan;0;0;0;0;0;72;113;2;408;168;16;0;0;0;0;32769;4;1053;188;189;189;189;189;189;190;189;188;190;190;190;190;190;190;190;190;190;191;191;190;190;190;191;190;191;190;0;0;0;0;0;0;0;0;31;30;31;31;99;0;0;0;19;191;1;188;0;0;0;0;1050;0;0;25;36;0;0;0;1;0;0;50;180;1048;0;8;1127;150;199422;13;
13:16:06.766 ;0;20;3;0;1;1;1;0;33;133;nan;0;0;0;0;0;72;113;2;408;168;16;0;0;0;0;32769;4100;1053;188;189;189;189;189;189;190;189;188;190;190;190;190;190;190;190;190;190;191;191;190;190;190;191;190;191;190;0;0;0;0;0;0;0;0;31;30;31;31;99;0;0;0;19;191;1;188;0;0;0;0;1050;0;0;25;36;0;0;0;1;0;0;50;180;1047;0;8;1127;150;199922;13;
13:16:07.258 ;0;20;3;0;1;1;1;0;33;133;nan;0;0;0;0;0;72;113;2;408;168;16;0;0;0;0;32769;4;1053;188;189;189;189;189;189;190;189;188;190;190;190;190;190;190;190;190;190;191;191;190;190;190;191;190;191;190;0;0;0;0;0;0;0;0;31;30;31;31;99;0;0;0;19;191;1;188;0;0;0;0;1050;0;0;25;36;0;0;0;1;0;0;50;180;1048;0;8;1127;150;200422;13;
13:16:07.777 ;0;21;3;0;1;1;1;0;33;133;nan;0;0;0;0;0;72;113;2;408;168;16;0;0;0;0;32769;4100;1053;188;189;189;189;189;190;189;189;188;190;190;190;190;190;190;190;190;190;191;191;190;190;190;191;190;191;190;0;0;0;0;0;0;0;0;31;30;31;31;99;0;0;0;19;191;1;188;0;0;0;0;1050;0;0;25;36;0;0;0;1;0;0;50;180;1047;0;8;1127;150;200922;13;
13:16:08.269 ;0;21;3;0;1;1;1;0;33;133;nan;0;0;0;0;0;72;113;2;408;168;16;0;0;0;0;32769;4;1053;188;189;189;189;189;190;189;189;188;190;190;190;190;190;190;190;190;190;191;191;190;190;190;191;190;191;190;0;0;0;0;0;0;0;0;31;30;31;31;99;0;0;0;19;191;1;188;0;0;0;0;1050;0;0;25;36;0;0;0;1;0;0;50;180;1048;0;8;1127;150;201422;13;
13:16:08.766 ;0;22;3;0;1;1;1;0;33;133;nan;0;0;0;0;0;72;113;2;408;168;16;0;0;0;0;32769;4100;1053;188;189;189;189;189;190;189;189;188;190;190;190;190;190;190;190;190;190;191;191;190;190;190;191;190;191;190;0;0;0;0;0;0;0;0;31;30;31;31;99;0;0;0;19;191;1;188;0;0;0;0;1050;0;0;25;36;0;0;0;1;0;0;50;180;1047;0;8;1127;150;201923;13;
13:16:09.252 ;0;22;3;0;1;1;1;0;33;133;nan;0;0;0;0;0;72;113;1;304;168;16;0;0;0;0;32769;4;1053;188;189;189;189;189;190;189;189;188;190;190;190;190;190;190;190;190;190;191;191;190;190;190;191;190;191;190;0;0;0;0;0;0;0;0;31;30;31;31;99;0;0;0;19;191;1;188;0;0;0;0;1050;0;0;25;36;0;0;0;1;0;0;50;180;1051;0;0;1127;150;202423;13;
13:16:10.505 ;0;23;3;0;1;1;1;0;33;133;nan;0;0;0;0;0;72;113;1;304;168;16;0;0;0;0;32769;4100;1053;188;189;189;189;189;189;189;189;188;190;190;190;190;190;190;190;190;190;191;191;190;190;190;191;190;191;190;0;0;0;0;0;0;0;0;31;30;31;31;99;0;0;0;19;191;1;188;0;0;0;0;1050;0;0;25;36;0;0;0;1;0;0;50;180;1051;0;0;1127;150;202923;13;
13:16:10.505 ;0;23;3;0;1;1;1;0;33;133;nan;0;0;0;0;0;72;113;1;304;168;16;0;0;0;0;32769;4;1053;188;189;189;189;189;189;189;189;188;190;190;190;190;190;190;190;190;190;191;190;190;190;190;190;190;191;190;0;0;0;0;0;0;0;0;31;30;31;31;99;0;0;0;19;191;1;188;0;0;0;0;1050;0;0;25;36;0;0;0;1;0;0;50;180;1051;0;0;1127;150;203424;13;
13:16:10.771 ;0;24;3;0;1;1;1;0;33;133;nan;0;0;0;0;0;72;113;1;304;168;16;0;0;0;0;32769;4100;1053;188;189;189;189;189;189;189;189;188;190;190;190;190;190;190;190;190;190;191;190;190;190;190;190;190;191;190;0;0;0;0;0;0;0;0;31;30;31;31;99;0;0;0;19;191;1;188;0;0;0;0;1050;0;0;25;36;0;0;0;1;0;0;50;180;1051;0;0;1127;150;203924;13;
13:16:11.254 ;0;24;3;0;1;1;1;0;33;133;nan;0;0;0;0;0;72;113;1;304;168;16;0;0;0;0;32769;4;1053;188;189;189;189;189;189;189;189;188;190;190;190;190;190;190;190;190;190;191;190;190;190;190;190;190;191;190;0;0;0;0;0;0;0;0;31;30;31;31;99;0;0;0;19;190;1;188;0;0;0;0;1050;0;0;25;36;0;0;0;1;0;0;50;180;1051;0;0;1127;150;204424;13;
13:16:11.757 ;0;25;3;0;1;1;1;0;33;133;nan;0;0;0;0;0;72;113;1;304;168;16;0;0;0;0;32769;4100;1053;188;189;189;189;189;189;189;189;188;190;190;190;190;190;190;190;190;190;191;190;190;190;190;190;190;191;190;0;0;0;0;0;0;0;0;31;30;31;31;99;0;0;0;19;190;1;188;0;0;0;0;1050;0;0;25;36;0;0;0;1;0;0;50;180;1051;0;0;1127;150;204924;13;
13:16:12.258 ;0;25;3;0;1;1;1;0;33;133;nan;0;0;0;0;0;72;113;1;304;168;16;0;0;0;0;32769;4;1053;188;189;189;189;189;189;189;189;188;190;190;190;190;190;190;190;190;190;191;190;190;190;190;191;190;191;190;0;0;0;0;0;0;0;0;31;30;31;31;99;0;0;0;19;190;1;188;0;0;0;0;1050;0;0;25;36;0;0;0;1;0;0;50;180;1051;0;0;1127;150;205424;13;
13:16:12.772 ;0;26;3;0;1;1;1;0;33;133;nan;0;0;0;0;0;72;113;1;304;168;16;0;0;0;0;32769;4100;1053;188;189;189;189;189;189;189;189;188;190;190;190;190;190;190;190;190;190;191;190;190;190;190;191;190;191;190;0;0;0;0;0;0;0;0;31;30;31;31;99;0;0;0;19;190;1;188;0;0;0;0;1050;0;0;25;36;0;0;0;1;0;0;50;180;1051;0;0;1127;150;205924;13;
13:16:13.292 ;0;26;3;0;1;1;1;0;33;133;nan;0;0;0;0;0;72;113;1;304;168;16;0;0;0;0;32769;4;1053;188;189;189;189;189;189;189;189;188;190;190;190;190;190;190;190;190;190;191;190;190;190;190;191;190;191;190;0;0;0;0;0;0;0;0;31;30;31;31;99;0;0;0;26;191;1;188;0;0;0;0;1050;0;0;25;36;0;0;0;1;0;0;50;180;1051;0;0;1127;150;206424;13;
13:16:13.751 ;0;27;3;0;1;1;1;0;33;133;nan;0;0;0;0;0;72;113;1;304;168;16;0;0;0;0;32769;4100;1053;188;189;189;189;189;189;189;189;188;190;190;190;190;190;190;190;190;190;191;190;190;190;190;191;190;191;190;0;0;0;0;0;0;0;0;31;30;31;31;99;0;0;0;26;191;1;188;0;0;0;0;1050;0;0;25;36;0;0;0;1;0;0;50;180;1051;0;0;1127;150;206924;13;
13:16:14.271 ;0;27;3;0;1;1;1;0;33;133;nan;0;0;0;0;0;72;113;1;304;168;16;0;0;0;0;32769;4;1053;188;189;189;189;189;189;189;189;188;190;190;190;190;190;190;190;190;190;191;190;190;190;190;190;190;190;190;0;0;0;0;0;0;0;0;31;30;31;31;99;0;0;0;26;191;1;188;0;0;0;0;1050;0;0;25;36;0;0;0;1;0;0;50;180;1051;0;0;1127;150;207424;13;
13:16:14.776 ;0;28;3;0;1;1;1;0;33;133;nan;0;0;0;0;0;72;113;1;304;168;16;0;0;0;0;32769;4100;1053;188;189;189;189;189;189;189;189;188;190;190;190;190;190;190;190;190;190;191;190;190;190;190;190;190;190;190;0;0;0;0;0;0;0;0;31;30;31;31;99;0;0;0;26;191;1;188;0;0;0;0;1050;0;0;25;36;0;0;0;1;0;0;50;180;1051;0;0;1127;150;207924;13;
13:16:15.279 ;0;28;3;0;1;1;1;0;33;133;nan;0;0;0;0;0;72;113;1;304;168;16;0;0;0;0;32769;4;1053;188;189;189;189;189;189;189;189;188;190;190;190;190;190;190;190;190;190;191;190;190;190;190;190;190;190;190;0;0;0;0;0;0;0;0;31;30;31;31;99;0;0;0;19;191;1;188;0;0;0;0;1050;0;0;25;36;0;0;0;1;0;0;50;180;1051;0;0;1127;150;208424;13;
13:16:16.440 ;0;29;3;0;1;1;1;0;33;133;nan;0;0;0;0;0;72;113;1;304;168;16;0;0;0;0;32769;4100;1053;188;189;189;189;189;189;189;189;188;190;190;190;190;190;190;190;190;190;191;190;190;190;190;190;190;190;190;0;0;0;0;0;0;0;0;31;30;31;31;99;0;0;0;19;191;1;188;0;0;0;0;1050;0;0;25;36;0;0;0;1;0;0;50;180;1051;0;0;1127;150;208924;13;
13:16:16.443 ;0;29;3;0;1;1;1;0;33;133;nan;0;0;0;0;0;72;113;1;304;168;16;0;0;0;0;32769;4;1053;188;189;189;189;189;189;189;189;188;190;190;190;190;190;190;190;190;190;190;190;190;190;190;190;190;190;190;0;0;0;0;0;0;0;0;31;30;31;31;99;0;0;0;19;191;1;188;0;0;0;0;1050;0;0;25;36;0;0;0;1;0;0;50;180;1051;0;0;1127;150;209424;13;
13:16:16.774 ;0;30;3;0;1;1;1;0;33;133;nan;0;0;0;0;0;88;113;1;304;168;16;0;0;0;0;32769;4100;1053;188;189;189;189;189;189;189;189;188;190;190;190;190;190;190;190;190;190;190;190;190;190;190;190;190;190;190;0;0;0;0;0;0;0;0;31;30;31;31;99;0;0;0;19;191;1;188;0;0;0;0;1051;0;0;25;36;0;0;0;1;0;0;50;180;1061;176;0;1127;150;209924;13;
13:16:17.262 ;0;30;3;0;1;1;1;0;33;133;nan;0;0;0;0;0;88;113;1;304;168;16;0;0;0;0;32769;4;1053;188;189;189;189;189;189;189;189;188;190;190;190;190;190;190;190;190;190;190;190;190;190;190;190;190;190;190;0;0;0;0;0;0;0;0;31;30;31;31;99;0;0;0;10;191;9;189;0;0;0;0;1051;0;0;25;36;0;0;0;1;0;0;50;180;1060;151;0;1127;150;210424;13;
13:16:17.782 ;0;31;3;0;1;1;1;0;33;133;nan;0;0;0;0;0;88;113;1;304;168;16;0;0;0;0;32769;4100;1053;189;190;190;190;190;190;190;190;188;190;190;190;190;190;190;190;190;190;190;190;190;190;190;190;190;190;190;0;0;0;0;0;0;0;0;31;30;31;31;99;0;0;0;10;191;9;189;0;0;0;0;1051;0;0;25;36;0;0;0;1;0;0;50;180;1059;150;0;1127;150;210924;13;
13:16:18.264 ;0;31;3;0;1;1;1;0;33;133;nan;0;0;0;0;0;88;113;1;304;168;16;0;0;0;0;32769;4;1053;189;190;190;190;190;190;190;190;189;191;190;191;191;191;191;191;191;191;191;191;191;191;191;191;191;191;191;0;0;0;0;0;0;0;0;31;30;31;31;99;0;0;0;10;191;9;189;0;0;0;0;1052;0;0;25;36;0;0;0;1;0;0;50;180;1060;149;0;1127;150;211424;13;
13:16:18.763 ;0;32;3;0;1;1;1;0;33;133;nan;0;0;0;0;0;88;113;1;304;168;16;0;0;0;0;32769;4100;1053;189;190;190;190;190;190;190;190;189;191;190;191;191;191;191;191;191;191;191;191;191;191;191;191;191;191;191;0;0;0;0;0;0;0;0;31;30;31;31;99;0;0;0;10;191;9;189;0;0;0;0;1052;0;0;25;36;0;0;0;1;0;0;50;180;1061;150;0;1127;150;211924;13;
13:16:19.276 ;0;32;3;0;1;1;1;0;33;133;nan;0;0;0;0;0;88;113;1;304;168;16;0;0;0;0;32769;4;1056;189;190;190;190;190;190;190;190;189;191;190;191;191;191;191;191;191;191;191;191;191;191;191;191;191;191;191;0;0;0;0;0;-87;0;0;31;30;31;31;99;0;0;0;10;191;1;189;0;0;0;0;1052;0;0;25;36;0;0;0;1;0;0;50;180;1060;151;0;1127;150;212424;13;
13:16:19.765 ;0;33;3;0;1;1;1;0;33;133;nan;0;0;0;0;0;88;113;1;304;168;16;0;0;0;0;32769;4100;1056;189;190;190;190;190;190;190;190;189;191;190;191;191;191;191;191;191;191;191;191;191;191;191;191;191;191;191;0;0;0;0;0;-87;0;0;31;30;31;31;99;0;0;0;10;191;1;189;0;0;0;0;1052;0;0;25;36;0;0;0;1;0;0;50;180;1059;150;0;1127;150;212925;13;
13:16:20.251 ;0;33;3;0;1;1;1;0;33;133;nan;0;0;0;0;0;88;113;1;304;168;16;0;0;0;0;32769;4;1056;189;190;190;190;190;190;190;190;189;191;191;191;191;191;191;191;191;191;191;191;191;191;191;191;191;191;191;0;0;0;0;0;-87;0;0;31;30;31;31;99;0;0;0;10;191;1;189;0;0;0;0;1052;0;0;25;36;0;0;0;1;0;0;50;180;1060;151;0;1127;150;213424;13;
13:16:20.755 ;0;34;3;0;1;1;1;0;33;133;nan;0;0;0;0;0;88;113;1;304;168;15;0;0;0;0;32769;4100;1056;189;190;190;190;190;190;190;190;189;191;191;191;191;191;191;191;191;191;191;191;191;191;191;191;191;191;191;0;0;0;0;0;-87;0;0;31;30;31;31;99;0;0;0;10;191;1;189;0;0;0;0;1052;0;0;25;36;0;0;0;1;0;0;50;180;1060;150;0;1127;150;213924;13;
13:16:21.270 ;0;34;3;0;1;1;1;0;33;133;nan;0;0;0;0;0;88;113;1;304;168;16;0;0;0;0;32769;4;1056;189;190;190;190;190;190;190;190;189;191;191;191;191;191;191;191;191;191;191;191;191;191;191;191;191;191;191;0;0;0;0;0;-87;0;0;31;30;31;31;99;0;0;0;10;191;9;189;0;0;0;0;1052;0;0;25;36;0;0;0;1;0;0;50;180;1061;150;0;1127;150;214424;13;
13:16:22.381 ;0;35;3;0;1;1;1;0;33;133;nan;0;0;0;0;0;88;113;1;304;168;16;0;0;0;0;32769;4100;1056;189;190;190;190;190;190;190;190;189;191;191;191;191;191;191;191;191;191;191;191;191;191;191;191;191;191;191;0;0;0;0;0;-87;0;0;31;30;31;31;99;0;0;0;10;191;9;189;0;0;0;0;1052;0;0;25;36;0;0;0;1;0;0;50;180;1061;150;0;1127;150;214924;13;
13:16:22.384 ;0;35;3;0;1;1;1;0;33;133;nan;0;0;0;0;0;88;113;1;304;168;16;0;0;0;0;32769;4;1056;189;190;190;190;190;190;190;190;189;191;191;191;191;191;191;191;191;191;191;191;191;191;191;191;191;191;191;0;0;0;0;0;-87;0;0;31;30;31;31;99;0;0;0;10;191;9;189;0;0;0;0;1052;0;0;25;36;0;0;0;1;0;0;50;180;1061;151;0;1127;150;215424;13;
13:16:22.882 ;0;36;3;0;1;1;1;0;33;133;nan;0;0;0;0;0;88;113;1;304;168;16;0;0;0;0;32769;4100;1056;189;190;190;190;190;190;190;190;189;191;191;191;191;191;191;191;191;191;191;191;191;191;191;191;191;191;191;0;0;0;0;0;-87;0;0;31;30;31;31;99;0;0;0;10;191;9;189;0;0;0;0;1052;0;0;25;36;0;0;0;1;0;0;50;180;1061;150;0;1127;150;215924;13;
13:16:23.264 ;0;36;3;0;1;1;1;0;33;133;nan;0;0;0;0;0;88;113;1;304;168;15;0;0;0;0;32769;4;1056;189;190;190;190;190;190;190;190;189;191;191;191;191;191;191;191;191;191;191;191;191;191;191;191;191;191;191;0;0;0;0;0;-86;0;0;31;30;31;31;99;0;0;0;10;192;9;189;0;0;0;0;1052;0;0;25;36;0;0;0;1;0;0;50;180;1061;150;0;1127;150;216424;13;
13:16:23.767 ;0;37;3;0;1;1;1;0;33;133;nan;0;0;0;0;0;88;113;1;304;168;15;0;0;0;0;32769;4100;1056;189;190;190;190;190;190;190;190;189;191;191;191;191;191;191;191;191;191;191;191;191;191;191;191;191;191;191;0;0;0;0;0;-86;0;0;31;30;31;31;99;0;0;0;10;192;9;189;0;0;0;0;1052;0;0;25;36;0;0;0;1;0;0;50;180;1061;150;0;1127;150;216924;13;
13:16:24.264 ;0;37;3;0;1;1;1;0;33;133;nan;0;0;0;0;0;88;113;1;304;168;16;0;0;0;0;32769;4;1056;189;190;190;190;190;190;190;190;189;192;191;191;191;191;191;191;191;191;192;191;191;191;191;192;191;191;191;0;0;0;0;0;-86;0;0;31;30;31;31;99;0;0;0;10;192;9;189;0;0;0;0;1052;0;0;25;36;0;0;0;1;0;0;50;180;1061;150;0;1127;150;217424;13;
13:16:24.768 ;0;38;3;0;1;1;1;0;33;133;nan;0;0;0;0;0;88;113;1;304;168;16;0;0;0;0;32769;4100;1056;189;190;190;190;190;190;190;190;189;192;191;191;191;191;191;191;191;191;192;191;191;191;191;192;191;192;191;0;0;0;0;0;-86;0;0;31;30;31;31;99;0;0;0;10;192;9;189;0;0;0;0;1052;0;0;25;36;0;0;0;1;0;0;50;180;1061;150;0;1127;150;217924;13;
13:16:25.261 ;0;38;3;0;1;1;1;0;33;133;nan;0;0;0;0;0;88;113;1;304;168;16;0;0;0;0;32769;4;1056;189;190;190;190;190;190;190;190;189;192;191;191;191;191;191;191;191;191;192;191;191;191;191;192;191;192;191;0;0;0;0;0;-86;0;0;31;30;31;31;99;0;0;0;10;192;9;189;0;0;0;0;1052;0;0;25;36;0;0;0;1;0;0;50;180;1060;150;0;1127;150;218424;13;
13:16:25.752 ;0;39;3;0;1;1;1;0;33;133;nan;0;0;0;0;0;88;113;1;304;168;16;0;0;0;0;32769;4100;1056;189;190;190;190;190;190;190;190;189;192;191;191;191;191;191;191;191;191;192;191;191;191;191;192;191;192;191;0;0;0;0;0;-86;0;0;31;30;31;31;99;0;0;0;10;192;9;189;0;0;0;0;1052;0;0;25;36;0;0;0;1;0;0;50;180;1060;150;0;1127;150;218924;13;
13:16:26.267 ;0;39;3;0;1;1;1;0;33;133;nan;0;0;0;0;0;88;113;1;304;168;16;0;0;0;0;32769;4;1056;189;190;190;190;190;190;190;190;189;192;191;191;191;191;191;191;191;191;192;191;191;191;191;192;191;192;191;0;0;0;0;0;-86;0;0;31;30;31;31;99;0;0;0;10;192;9;189;0;0;0;0;1052;0;0;25;36;0;0;0;1;0;0;50;180;1061;150;0;1127;150;219424;13;
13:16:26.757 ;0;40;3;0;1;1;1;0;33;133;nan;0;0;0;0;0;88;113;1;304;168;16;0;0;0;0;32769;4100;1056;189;190;190;190;190;190;190;190;189;192;191;191;191;191;191;191;191;191;192;191;191;191;191;192;191;192;191;0;0;0;0;0;-86;0;0;31;30;31;31;99;0;0;0;10;192;9;189;0;0;0;0;1052;0;0;25;36;0;0;0;1;0;0;50;180;1060;150;0;1127;150;219924;13;
13:16:27.253 ;0;40;3;0;1;1;1;0;33;133;nan;0;0;0;0;0;88;113;1;304;168;16;0;0;0;0;32769;4;1056;189;190;190;190;190;190;190;190;189;192;191;191;191;191;191;191;191;191;192;191;191;191;191;192;191;192;191;0;0;0;0;0;-87;0;0;31;30;31;31;99;0;0;0;10;192;1;189;0;0;0;0;1052;0;0;25;36;0;0;0;1;0;0;50;180;1061;150;0;1127;150;220424;13;
13:16:27.760 ;0;41;3;0;1;1;1;0;33;133;nan;0;0;0;0;0;88;113;1;304;168;16;0;0;0;0;32769;4100;1056;189;190;190;191;190;190;190;190;189;192;191;191;191;191;191;191;191;191;192;191;191;191;191;192;191;192;191;0;0;0;0;0;-87;0;0;31;30;31;31;99;0;0;0;10;192;1;189;0;0;0;0;1052;0;0;25;36;0;0;0;1;0;0;50;180;1061;150;0;1127;150;220924;13;
13:16:28.818 ;0;41;3;0;1;1;1;0;33;133;nan;0;0;0;0;0;88;113;1;304;168;16;0;0;0;0;32769;4;1056;189;190;190;191;190;190;191;190;189;192;191;191;191;191;191;191;191;191;192;192;191;191;192;192;191;192;191;0;0;0;0;0;-87;0;0;31;30;31;31;99;0;0;0;10;192;1;189;0;0;0;0;1052;0;0;25;36;0;0;0;1;0;0;50;180;1061;149;0;1127;150;221424;13;
13:16:28.826 ;0;42;3;0;1;1;1;0;33;133;nan;0;0;0;0;0;88;113;1;304;168;16;0;0;0;0;32769;4100;1056;189;190;190;191;190;190;191;190;189;192;191;191;191;191;191;191;191;191;192;192;191;191;192;192;191;192;191;0;0;0;0;0;-87;0;0;31;30;31;31;99;0;0;0;10;192;1;189;0;0;0;0;1052;0;0;25;36;0;0;0;1;0;0;50;180;1060;150;0;1127;150;221924;13;
13:16:29.273 ;0;42;3;0;1;1;1;0;33;133;nan;0;0;0;0;0;88;113;1;304;168;16;0;0;0;0;32769;4;1056;189;190;190;191;190;190;191;190;189;192;191;191;191;191;191;191;191;191;192;192;191;191;192;192;191;192;191;0;0;0;0;0;-86;0;0;31;30;31;31;99;0;0;0;10;192;1;189;0;0;0;0;1052;0;0;25;36;0;0;0;1;0;0;50;180;1061;149;0;1127;150;222424;13;
13:16:29.800 ;0;43;3;0;1;1;1;0;33;133;nan;0;0;0;0;0;88;113;1;304;168;16;0;0;0;0;32769;4100;1056;189;191;191;191;190;190;191;190;189;192;191;191;191;191;191;191;191;191;192;192;191;191;192;192;191;192;191;0;0;0;0;0;-86;0;0;31;30;31;31;99;0;0;0;10;192;1;189;0;0;0;0;1052;0;0;25;36;0;0;0;1;0;0;50;180;1061;150;0;1127;150;222924;13;
13:16:30.251 ;0;43;3;0;1;1;1;0;33;133;nan;0;0;0;0;0;88;113;1;304;168;16;0;0;0;0;32769;4;1056;189;191;191;191;190;191;191;191;189;192;191;191;191;191;191;191;191;191;192;192;192;191;192;192;191;192;191;0;0;0;0;0;-86;0;0;31;30;31;31;99;0;0;0;10;192;1;189;0;0;0;0;1052;0;0;25;36;0;0;0;1;0;0;50;180;1061;150;0;1127;150;223424;13;
13:16:30.749 ;0;44;3;0;1;1;1;0;33;133;nan;0;0;0;0;0;88;113;1;304;168;16;0;0;0;0;32769;4100;1056;189;191;191;191;190;191;191;191;189;192;191;191;191;191;191;191;191;191;192;192;192;191;192;192;191;192;191;0;0;0;0;0;-86;0;0;31;30;31;31;99;0;0;0;10;192;1;189;0;0;0;0;1052;0;0;25;36;0;0;0;1;0;0;50;180;1061;150;0;1127;150;223924;13;
13:16:31.264 ;0;44;3;0;1;1;1;0;33;133;nan;0;0;0;0;0;88;113;1;304;168;16;0;0;0;0;32769;4;1056;189;191;191;191;190;191;191;191;189;192;191;191;191;191;191;191;191;191;192;192;192;191;192;192;191;192;191;0;0;0;0;0;-86;0;0;31;30;31;31;99;0;0;0;10;192;9;189;0;0;0;0;1052;0;0;25;36;0;0;0;1;0;0;50;180;1061;151;0;1127;150;224424;13;
13:16:31.782 ;0;45;3;0;1;1;1;0;33;133;nan;0;0;0;0;0;88;113;1;304;168;16;0;0;0;0;32769;4100;1056;189;191;191;191;190;191;191;191;189;192;191;191;191;191;191;191;191;191;192;192;192;191;192;192;191;192;191;0;0;0;0;0;-86;0;0;31;30;31;31;99;0;0;0;10;192;9;189;0;0;0;0;1052;0;0;25;36;0;0;0;1;0;0;50;180;1061;150;0;1127;150;224924;13;
13:16:32.254 ;0;45;3;0;1;1;1;0;33;133;nan;0;0;0;0;0;88;113;1;304;168;16;0;0;0;0;32769;4;1056;189;191;191;191;191;191;191;191;189;192;191;191;191;191;191;191;191;191;192;192;192;191;192;192;191;192;191;0;0;0;0;0;-86;0;0;31;30;31;31;99;0;0;0;10;192;9;189;0;0;0;0;1052;0;0;25;36;0;0;0;1;0;0;50;180;1061;150;0;1127;150;225424;13;
13:16:32.773 ;0;46;3;0;1;1;1;0;33;133;nan;0;0;0;0;0;88;113;1;304;168;16;0;0;0;0;32769;4100;1056;189;191;191;191;191;191;191;191;189;192;191;191;191;191;191;191;191;191;192;192;192;191;192;192;191;192;191;0;0;0;0;0;-86;0;0;31;30;31;31;99;0;0;0;10;192;9;189;0;0;0;0;1052;0;0;25;36;0;0;0;1;0;0;50;180;1061;150;0;1127;150;225924;13;
13:16:33.255 ;0;46;3;0;1;1;1;0;33;133;nan;0;0;0;0;0;88;113;1;304;168;16;0;0;0;0;32769;4;1056;189;191;191;191;191;191;191;191;189;192;191;191;191;191;191;191;191;191;192;192;192;191;192;192;191;192;191;0;0;0;0;0;-87;0;0;31;30;31;31;99;0;0;0;10;192;9;189;0;0;0;0;1052;0;0;25;36;0;0;0;1;0;0;50;180;1061;150;0;1127;150;226424;13;
13:16:33.786 ;0;47;3;0;1;1;1;0;33;133;nan;0;0;0;0;0;88;113;1;304;168;16;0;0;0;0;32769;4100;1056;189;191;191;191;191;191;191;191;189;192;191;191;191;191;191;191;191;191;192;192;192;191;192;192;191;192;191;0;0;0;0;0;-87;0;0;31;30;31;31;99;0;0;0;10;192;9;189;0;0;0;0;1052;0;0;25;36;0;0;0;1;0;0;50;180;1061;150;0;1127;150;226924;13;
13:16:34.757 ;0;47;3;0;1;1;1;0;33;133;nan;0;0;0;0;0;88;113;1;304;168;16;0;0;0;0;32769;4;1056;189;191;191;191;191;191;191;191;189;192;191;191;191;191;191;191;191;191;192;192;192;191;192;192;191;192;191;0;0;0;0;0;-87;0;0;31;30;31;31;99;0;0;0;10;192;9;189;0;0;0;0;1052;0;0;25;36;0;0;0;1;0;0;50;180;1061;151;0;1127;150;227424;13;
13:16:34.761 ;0;48;3;0;1;1;1;0;33;133;nan;0;0;0;0;0;88;113;1;304;168;16;0;0;0;0;32769;4100;1056;189;191;191;191;191;191;191;191;189;192;191;191;191;191;191;191;191;191;192;192;192;191;192;192;191;192;191;0;0;0;0;0;-87;0;0;31;30;31;31;99;0;0;0;10;192;9;189;0;0;0;0;1052;0;0;25;36;0;0;0;1;0;0;50;180;1061;150;0;1127;150;227924;13;
13:16:35.266 ;0;48;3;0;1;1;1;0;33;133;nan;0;0;0;0;0;88;113;1;304;168;16;0;0;0;0;32769;4;1056;189;191;191;191;191;191;191;191;189;192;191;191;191;191;191;191;191;191;192;192;192;191;192;192;191;192;191;0;0;0;0;0;-87;0;0;31;30;31;31;99;0;0;0;10;192;9;189;0;0;0;0;1052;0;0;25;36;0;0;0;1;0;0;50;180;1061;149;0;1127;150;228425;13;
13:16:35.775 ;0;49;3;0;1;1;1;0;33;133;nan;0;0;0;0;0;88;113;1;304;168;16;0;0;0;0;32769;4100;1056;189;191;191;191;191;191;191;191;189;192;191;191;191;191;191;191;191;191;192;192;192;191;192;192;191;192;191;0;0;0;0;0;-87;0;0;31;30;31;31;99;0;0;0;10;192;9;189;0;0;0;0;1052;0;0;25;36;0;0;0;1;0;0;50;180;1061;150;0;1127;150;228925;13;
13:16:36.274 ;0;49;3;0;1;1;1;0;33;133;nan;0;0;0;0;0;88;113;1;304;168;16;0;0;0;0;32769;4;1056;189;191;191;191;191;191;191;191;189;192;191;191;191;191;191;191;191;191;192;192;192;191;192;192;191;192;191;0;0;0;0;0;-87;0;0;31;30;31;31;99;0;0;0;10;192;9;189;0;0;0;0;1052;0;0;25;36;0;0;0;1;0;0;50;180;1061;150;0;1127;150;229425;13;
13:16:36.775 ;0;50;3;0;1;1;1;0;33;133;nan;0;0;0;0;0;88;113;1;304;168;16;0;0;0;0;32769;4100;1056;189;191;191;191;191;191;191;191;189;192;191;191;191;191;191;191;191;191;192;192;192;191;192;192;191;192;191;0;0;0;0;0;-87;0;0;31;30;31;31;99;0;0;0;10;192;9;189;0;0;0;0;1052;0;0;25;36;0;0;0;1;0;0;50;180;1061;149;0;1127;150;229925;13;
13:16:37.252 ;0;50;3;0;1;1;1;0;33;133;nan;0;0;0;0;0;88;113;1;304;168;16;0;0;0;0;32769;4;1057;189;191;191;191;191;191;191;191;189;192;191;191;191;191;191;191;191;191;192;192;192;191;192;192;191;192;191;0;0;0;0;0;-87;0;0;31;30;31;31;99;0;0;0;10;192;9;189;0;0;0;0;1052;0;0;25;36;0;0;0;1;0;0;50;180;1060;149;0;1127;150;230425;13;
13:16:37.775 ;0;51;3;0;1;1;1;0;33;133;nan;0;0;0;0;0;88;113;1;304;168;16;0;0;0;0;32769;4100;1057;189;191;191;191;191;191;191;191;189;192;191;191;191;191;191;191;191;191;192;192;192;191;192;192;191;192;191;0;0;0;0;0;-87;0;0;31;30;31;31;99;0;0;0;10;192;9;189;0;0;0;0;1052;0;0;25;36;0;0;0;1;0;0;50;180;1061;150;0;1127;150;230925;13;
13:16:38.269 ;0;51;3;0;1;1;1;0;33;133;nan;0;0;0;0;0;88;113;1;304;168;16;0;0;0;0;32769;4;1057;189;191;191;191;191;191;191;191;189;192;191;191;191;191;191;191;191;191;192;192;192;191;192;192;191;192;191;0;0;0;0;0;-87;0;0;31;30;31;31;99;0;0;0;10;192;9;189;0;0;0;0;1052;0;0;25;36;0;0;0;1;0;0;50;180;1061;151;0;1127;150;231425;13;
13:16:38.761 ;0;52;3;0;1;1;1;0;33;133;nan;0;0;0;0;0;88;113;1;304;168;16;0;0;0;0;32769;4100;1057;189;191;191;191;191;191;191;191;189;192;191;191;191;191;191;191;191;191;192;192;192;191;192;192;191;192;191;0;0;0;0;0;-87;0;0;31;30;31;31;99;0;0;0;10;192;9;189;0;0;0;0;1052;0;0;25;36;0;0;0;1;0;0;50;180;1061;150;0;1127;150;231925;13;
13:16:39.269 ;0;52;3;0;1;1;1;0;33;133;nan;0;0;0;0;0;88;113;1;304;168;16;0;0;0;0;32769;4;1057;189;191;191;191;191;191;191;191;189;192;191;191;191;191;191;191;191;191;192;192;192;191;192;192;191;192;191;0;0;0;0;0;-87;0;0;31;30;31;31;99;0;0;0;10;192;9;189;0;0;0;0;1052;0;0;25;36;0;0;0;1;0;0;50;180;1061;151;0;1127;150;232425;13;
13:16:39.761 ;0;53;3;0;1;1;1;0;33;133;nan;0;0;0;0;0;88;113;1;304;168;16;0;0;0;0;32769;4100;1057;189;191;191;191;191;191;191;191;189;192;191;191;191;191;191;191;191;191;192;192;192;191;192;192;191;192;191;0;0;0;0;0;-87;0;0;31;30;31;31;99;0;0;0;10;192;1;189;0;0;0;0;1052;0;0;25;36;0;0;0;1;0;0;50;180;1061;151;0;1127;150;232925;13;
13:16:40.699 ;0;53;3;0;1;1;1;0;33;133;nan;0;0;0;0;0;88;113;1;304;168;15;0;0;0;0;32769;4;1057;189;191;191;191;191;191;191;191;189;192;191;191;191;191;191;191;191;191;192;192;192;191;192;192;191;192;191;0;0;0;0;0;-87;0;0;31;30;31;31;99;0;0;0;10;192;1;189;0;0;0;0;1053;0;0;25;36;0;0;0;1;0;0;50;180;1061;151;0;1127;150;233425;13;
13:16:40.767 ;0;54;3;0;1;1;1;0;33;133;nan;0;0;0;0;0;88;113;1;304;168;15;0;0;0;0;32769;4100;1057;189;191;191;191;191;191;191;191;189;192;191;191;191;191;191;191;191;191;192;192;192;191;192;192;191;192;191;0;0;0;0;0;-87;0;0;31;30;31;31;99;0;0;0;10;192;1;189;0;0;0;0;1053;0;0;25;36;0;0;0;1;0;0;50;180;1061;150;0;1127;150;233925;13;
13:16:41.253 ;0;54;3;0;1;1;1;0;33;133;nan;0;0;0;0;0;88;113;1;304;168;16;0;0;0;0;32769;4;1057;189;191;191;191;191;191;191;191;189;192;191;191;191;191;191;191;191;191;192;192;192;191;192;192;191;192;191;0;0;0;0;0;-86;0;0;31;30;31;31;99;0;0;0;10;192;1;189;0;0;0;0;1053;0;0;25;36;0;0;0;1;0;0;50;180;1061;151;0;1127;150;234425;13;
13:16:41.760 ;0;55;3;0;1;1;1;0;33;133;nan;0;0;0;0;0;88;113;1;304;168;16;0;0;0;0;32769;4100;1057;189;191;191;191;191;191;191;191;189;192;191;191;191;191;191;191;191;191;192;192;192;191;192;192;191;192;191;0;0;0;0;0;-86;0;0;31;30;31;31;99;0;0;0;10;192;9;189;0;0;0;0;1053;0;0;25;36;0;0;0;1;0;0;50;180;1061;150;0;1127;150;234925;13;
13:16:42.256 ;0;55;3;0;1;1;1;0;33;133;nan;0;0;0;0;0;88;113;1;304;168;16;0;0;0;0;32769;4;1057;190;191;191;191;191;191;191;191;189;192;191;191;191;191;191;191;191;191;192;192;192;191;192;192;191;192;191;0;0;0;0;0;-86;0;0;31;30;31;31;99;0;0;0;10;192;9;189;0;0;0;0;1053;0;0;25;36;0;0;0;1;0;0;50;180;1062;150;0;1127;150;235425;13;
13:16:42.777 ;0;56;3;0;1;1;1;0;33;133;nan;0;0;0;0;0;88;113;1;304;168;16;0;0;0;0;32769;4100;1057;190;191;191;191;191;191;191;191;189;192;191;191;191;191;191;191;191;191;192;192;192;191;192;192;191;192;191;0;0;0;0;0;-86;0;0;31;30;31;31;99;0;0;0;10;192;9;189;0;0;0;0;1053;0;0;25;36;0;0;0;1;0;0;50;180;1061;150;0;1127;150;235925;13;
13:16:43.263 ;0;56;3;0;1;1;1;0;33;133;nan;0;0;0;0;0;88;113;1;304;168;16;0;0;0;0;32769;4;1057;190;191;191;191;191;191;191;191;189;192;191;191;191;191;191;191;191;191;192;192;192;191;192;192;191;192;191;0;0;0;0;0;-87;0;0;31;30;31;31;99;0;0;0;10;192;9;189;0;0;0;0;1053;0;0;25;36;0;0;0;1;0;0;50;180;1061;150;0;1127;150;236425;13;
13:16:43.754 ;0;57;3;0;1;1;1;0;33;133;nan;0;0;0;0;0;88;113;1;304;168;16;0;0;0;0;32769;4100;1057;190;191;191;191;191;191;191;191;189;192;191;191;191;191;191;191;191;191;192;192;192;191;192;192;191;192;191;0;0;0;0;0;-87;0;0;31;30;31;31;99;0;0;0;10;192;9;189;0;0;0;0;1053;0;0;25;36;0;0;0;1;0;0;50;180;1061;150;0;1127;150;236925;13;
13:16:44.268 ;0;57;3;0;1;1;1;0;33;133;nan;0;0;0;0;0;88;113;1;304;168;16;0;0;0;0;32769;4;1057;190;191;191;191;191;191;191;191;189;192;191;191;191;191;191;191;191;191;192;192;192;191;192;192;191;192;191;0;0;0;0;0;-87;0;0;31;30;31;31;99;0;0;0;10;192;9;189;0;0;0;0;1053;0;0;25;36;0;0;0;1;0;0;50;180;1061;150;0;1127;150;237425;13;
13:16:44.771 ;0;58;3;0;1;1;1;0;33;133;nan;0;0;0;0;0;88;113;1;304;168;16;0;0;0;0;32769;4100;1057;190;191;191;191;191;191;191;191;189;192;191;191;191;191;191;191;191;192;192;192;192;191;192;192;192;192;191;0;0;0;0;0;-87;0;0;31;30;31;31;99;0;0;0;10;192;9;189;0;0;0;0;1053;0;0;25;36;0;0;0;1;0;0;50;180;1061;150;0;1127;150;237925;13;
13:16:45.268 ;0;58;3;0;1;1;1;0;33;133;nan;0;0;0;0;0;88;113;1;304;168;16;0;0;0;0;32769;4;1057;190;191;191;191;191;191;191;191;189;192;191;191;191;191;191;191;191;192;192;192;192;191;192;192;192;192;191;0;0;0;0;0;-87;0;0;31;30;31;31;99;0;0;0;10;192;9;189;0;0;0;0;1053;0;0;25;36;0;0;0;1;0;0;50;180;1061;149;0;1127;150;238425;13;
13:16:46.638 ;0;59;3;0;1;1;1;0;33;133;nan;0;0;0;0;0;88;113;1;304;168;16;0;0;0;0;32769;4100;1057;190;191;191;191;191;191;191;191;189;192;191;191;191;191;191;191;191;192;192;192;192;191;192;192;192;192;191;0;0;0;0;0;-87;0;0;31;30;31;31;99;0;0;0;10;192;9;189;0;0;0;0;1053;0;0;25;36;0;0;0;1;0;0;50;180;1061;150;0;1127;150;238925;13;
13:16:46.640 ;0;59;3;0;1;1;1;0;33;133;nan;0;0;0;0;0;88;113;1;304;168;16;0;0;0;0;32769;4;1057;190;191;191;191;191;191;191;191;189;192;191;191;191;191;191;191;191;192;192;192;192;191;192;192;192;192;191;0;0;0;0;0;-87;0;0;31;30;31;31;99;0;0;0;10;192;9;189;0;0;0;0;1053;0;0;25;36;0;0;0;1;0;0;50;180;1062;150;0;1127;150;239425;13;
13:16:46.763 ;0;0;4;0;1;1;1;0;33;133;nan;0;0;0;0;0;88;113;1;304;168;16;0;0;0;0;32769;4100;1057;190;191;191;191;191;191;191;191;189;192;191;191;191;191;191;191;191;192;192;192;192;192;192;192;192;192;192;0;0;0;0;0;-87;0;0;31;30;31;31;99;0;0;0;10;192;9;189;0;0;0;0;1053;0;0;25;36;0;0;0;1;0;0;50;180;1061;150;0;1127;150;239925;13;
13:16:47.264 ;0;0;4;0;1;1;1;0;33;133;nan;0;0;0;0;0;88;113;1;304;168;16;0;0;0;0;32769;4;1057;190;191;191;191;191;191;191;191;189;192;191;191;191;191;191;191;191;192;192;192;192;192;192;192;192;192;192;0;0;0;0;0;-87;0;0;31;30;31;31;99;0;0;0;10;192;9;189;0;0;0;0;1053;0;0;25;36;0;0;0;1;0;0;50;180;1061;151;0;1127;150;240425;13;
13:16:47.757 ;0;1;4;0;1;1;1;0;33;133;nan;0;0;0;0;0;88;113;1;304;168;16;0;0;0;0;32769;4100;1057;190;191;191;191;191;191;191;191;189;192;191;191;191;191;191;191;191;192;192;192;192;192;192;192;192;192;192;0;0;0;0;0;-87;0;0;31;30;31;31;99;0;0;0;10;192;9;189;0;0;0;0;1053;0;0;25;36;0;0;0;1;0;0;50;180;1061;149;0;1127;150;240925;13;
13:16:48.278 ;0;1;4;0;1;1;1;0;33;133;nan;0;0;0;0;0;88;113;1;304;168;16;0;0;0;0;32769;4;1057;190;191;191;191;191;191;191;191;189;192;191;191;191;191;191;191;191;192;192;192;192;192;192;192;192;192;192;0;0;0;0;0;-87;0;0;31;30;31;31;99;0;0;0;10;192;9;189;0;0;0;0;1053;0;0;25;36;0;0;0;1;0;0;50;180;1061;150;0;1127;150;241425;13;
13:16:48.774 ;0;2;4;0;1;1;1;0;33;133;nan;0;0;0;0;0;88;113;1;304;168;16;0;0;0;0;32769;4100;1057;190;191;191;191;191;191;191;191;189;192;191;191;191;191;191;191;191;192;192;192;192;192;192;192;192;192;192;0;0;0;0;0;-87;0;0;31;30;31;31;99;0;0;0;10;192;9;189;0;0;0;0;1053;0;0;25;36;0;0;0;1;0;0;50;180;1061;151;0;1127;150;241925;13;
13:16:49.269 ;0;2;4;0;1;1;1;0;33;133;nan;0;0;0;0;0;88;113;1;304;168;16;0;0;0;0;32769;4;1057;190;191;191;191;191;191;191;191;189;192;191;191;191;191;191;191;191;192;192;192;192;192;192;192;192;192;192;0;0;0;0;0;-87;0;0;31;30;31;31;99;0;0;0;10;192;9;189;0;0;0;0;1053;0;0;25;36;0;0;0;1;0;0;50;180;1061;151;0;1127;150;242425;13;
13:16:49.774 ;0;3;4;0;1;1;1;0;33;133;nan;0;0;0;0;0;88;113;1;304;168;16;0;0;0;0;32769;4100;1057;190;191;191;191;191;191;191;191;189;192;191;191;191;191;191;191;191;192;192;192;192;192;192;192;192;192;192;0;0;0;0;0;-87;0;0;31;30;31;31;99;0;0;0;10;192;9;189;0;0;0;0;1053;0;0;25;36;0;0;0;1;0;0;50;180;1061;150;0;1127;150;242925;13;
13:16:50.265 ;0;3;4;0;1;1;1;0;33;133;nan;0;0;0;0;0;88;113;1;304;168;16;0;0;0;0;32769;4;1057;190;191;191;191;191;191;191;191;189;192;191;191;191;191;191;191;191;192;192;192;192;192;192;192;192;192;192;0;0;0;0;0;-87;0;0;31;30;31;31;99;0;0;0;10;192;9;189;0;0;0;0;1053;0;0;25;36;0;0;0;1;0;0;50;180;1062;150;0;1127;150;243425;13;
13:16:50.774 ;0;4;4;0;1;1;1;0;33;133;nan;0;0;0;0;0;88;113;1;304;168;16;0;0;0;0;32769;4100;1057;190;191;191;191;191;191;191;191;189;192;191;191;191;191;191;191;191;192;192;192;192;192;192;192;192;192;192;0;0;0;0;0;-87;0;0;31;30;31;31;99;0;0;0;10;192;9;189;0;0;0;0;1053;0;0;25;36;0;0;0;1;0;0;50;180;1061;150;0;1127;150;243925;13;
13:16:51.258 ;0;4;4;0;1;1;1;0;33;133;nan;0;0;0;0;0;88;113;1;304;168;16;0;0;0;0;32769;4;1057;190;191;191;191;191;191;191;191;189;192;191;191;191;191;191;191;191;192;192;192;192;192;192;192;192;192;192;0;0;0;0;0;-87;0;0;31;30;31;31;99;0;0;0;10;192;9;189;0;0;0;0;1053;0;0;25;36;0;0;0;1;0;0;50;180;1062;151;0;1127;150;244425;13;
13:16:52.578 ;0;5;4;0;1;1;1;0;33;133;nan;0;0;0;0;0;88;113;1;304;168;16;0;0;0;0;32769;4100;1057;190;191;191;191;191;191;191;191;189;192;191;191;191;191;191;191;191;192;192;192;192;192;192;192;192;192;192;0;0;0;0;0;-87;0;0;31;30;31;31;99;0;0;0;10;192;9;190;0;0;0;0;1053;0;0;25;36;0;0;0;1;0;0;50;180;1061;150;0;1127;150;244925;13;
13:16:52.584 ;0;5;4;0;1;1;1;0;33;133;nan;0;0;0;0;0;88;113;1;304;168;16;0;0;0;0;32769;4;1057;190;191;191;191;191;191;191;191;190;192;191;191;191;191;191;191;191;192;192;192;192;192;192;192;192;192;192;0;0;0;0;0;-87;0;0;31;30;31;31;99;0;0;0;10;192;9;190;0;0;0;0;1053;0;0;25;36;0;0;0;1;0;0;50;180;1061;150;0;1127;150;245425;13;
13:16:52.782 ;0;6;4;0;1;1;1;0;33;133;nan;0;0;0;0;0;88;113;1;304;168;16;0;0;0;0;32769;4100;1057;190;191;191;191;191;191;191;191;190;192;191;191;191;191;191;191;191;192;192;192;192;192;192;192;192;192;192;0;0;0;0;0;-87;0;0;31;30;31;31;99;0;0;0;10;192;9;190;0;0;0;0;1053;0;0;25;36;0;0;0;1;0;0;50;180;1061;149;0;1127;150;245926;13;
13:16:53.254 ;0;6;4;0;1;1;1;0;33;133;nan;0;0;0;0;0;88;113;1;304;168;16;0;0;0;0;32769;4;1057;190;191;191;191;191;191;191;191;190;192;191;191;191;191;191;191;191;192;192;192;192;192;192;192;192;192;192;0;0;0;0;0;-87;0;0;31;30;31;31;99;0;0;0;10;192;9;190;0;0;0;0;1053;0;0;25;36;0;0;0;1;0;0;50;180;1061;150;0;1127;150;246426;13;
13:16:53.770 ;0;7;4;0;1;1;1;0;33;133;nan;0;0;0;0;0;88;113;1;304;168;16;0;0;0;0;32769;4100;1057;190;191;191;191;191;191;191;191;190;192;191;191;191;191;191;191;191;192;192;192;192;192;192;192;192;192;192;0;0;0;0;0;-87;0;0;31;30;31;31;99;0;0;0;10;192;9;190;0;0;0;0;1053;0;0;25;36;0;0;0;1;0;0;50;180;1061;149;0;1127;150;246926;13;
13:16:54.254 ;0;7;4;0;1;1;1;0;33;133;nan;0;0;0;0;0;88;113;1;304;168;16;0;0;0;0;32769;4;1057;190;191;191;191;191;191;191;191;190;192;191;191;191;191;191;191;191;192;192;192;192;192;192;192;192;192;192;0;0;0;0;0;-87;0;0;31;30;31;31;99;0;0;0;10;192;9;190;0;0;0;0;1053;0;0;25;36;0;0;0;1;0;0;50;180;1061;150;0;1127;150;247426;13;
13:16:54.757 ;0;8;4;0;1;1;1;0;33;133;nan;0;0;0;0;0;88;113;1;304;168;16;0;0;0;0;32769;4100;1057;190;191;191;191;191;191;191;191;190;192;191;191;191;191;191;191;191;192;192;192;192;192;192;192;192;192;192;0;0;0;0;0;-87;0;0;31;30;31;31;99;0;0;0;10;192;9;190;0;0;0;0;1053;0;0;25;36;0;0;0;1;0;0;50;180;1061;150;0;1127;150;247926;13;
13:16:55.281 ;0;8;4;0;1;1;1;0;33;133;nan;0;0;0;0;0;88;113;1;304;168;16;0;0;0;0;32769;4;1057;190;191;191;191;191;191;191;191;190;192;191;191;191;191;191;191;191;192;192;192;192;192;192;192;192;192;192;0;0;0;0;0;-87;0;0;31;30;31;31;99;0;0;0;10;192;9;190;0;0;0;0;1053;0;0;25;36;0;0;0;1;0;0;50;180;1062;149;0;1127;150;248426;13;
13:16:55.762 ;0;9;4;0;1;1;1;0;33;133;nan;0;0;0;0;0;88;113;1;304;168;16;0;0;0;0;32769;4100;1057;190;191;191;191;191;191;191;191;190;192;191;191;191;191;191;191;191;192;192;192;192;192;192;192;192;192;192;0;0;0;0;0;-87;0;0;31;30;31;31;99;0;0;0;10;192;9;190;0;0;0;0;1053;0;0;25;36;0;0;0;1;0;0;50;180;1062;150;0;1127;150;248926;13;
13:16:56.264 ;0;9;4;0;1;1;1;0;33;133;nan;0;0;0;0;0;88;113;1;304;168;16;0;0;0;0;32769;4;1057;190;191;191;191;191;191;191;191;190;192;191;191;191;191;191;191;191;192;192;192;192;192;192;192;192;192;192;0;0;0;0;0;-87;0;0;31;30;31;31;99;0;0;0;10;192;9;190;0;0;0;0;1053;0;0;25;36;0;0;0;1;0;0;50;180;1061;150;0;1127;150;249426;13;
13:16:56.767 ;0;10;4;0;1;1;1;0;33;133;nan;0;0;0;0;0;88;113;1;304;168;16;0;0;0;0;32769;4100;1057;190;191;191;191;191;191;191;191;190;192;191;191;191;191;191;191;191;192;192;192;192;192;192;192;192;192;192;0;0;0;0;0;-87;0;0;31;30;31;31;99;0;0;0;10;192;9;190;0;0;0;0;1053;0;0;25;36;0;0;0;1;0;0;50;180;1061;150;0;1127;150;249926;13;
13:16:57.271 ;0;10;4;0;1;1;1;0;33;133;nan;0;0;0;0;0;88;113;1;304;168;16;0;0;0;0;32769;4;1057;190;191;191;191;191;191;191;191;190;192;191;191;191;191;191;191;191;192;192;192;192;192;192;192;192;192;192;0;0;0;0;0;-87;0;0;31;30;31;31;99;0;0;0;10;192;9;190;0;0;0;0;1053;0;0;25;36;0;0;0;1;0;0;50;180;1062;150;0;1127;150;250426;13;
13:16:58.518 ;0;11;4;0;1;1;1;0;33;133;nan;0;0;0;0;0;88;113;1;304;168;16;0;0;0;0;32769;4100;1057;190;191;191;191;191;191;191;191;190;192;191;191;191;191;191;191;191;192;192;192;192;192;192;192;192;192;192;0;0;0;0;0;-87;0;0;31;30;31;31;99;0;0;0;10;192;9;190;0;0;0;0;1053;0;0;25;36;0;0;0;1;0;0;50;180;1062;151;0;1127;150;250926;13;
13:16:58.523 ;0;11;4;0;1;1;1;0;33;133;nan;0;0;0;0;0;88;113;1;304;168;16;0;0;0;0;32769;4;1057;190;191;191;191;191;191;191;191;190;192;191;191;191;191;191;191;191;192;192;192;192;192;192;192;192;192;192;0;0;0;0;0;-87;0;0;31;30;31;31;99;0;0;0;10;192;9;190;0;0;0;0;1053;0;0;25;36;0;0;0;1;0;0;50;180;1061;150;0;1127;150;251426;13;
13:16:58.767 ;0;12;4;0;1;1;1;0;33;133;nan;0;0;0;0;0;88;113;1;304;168;16;0;0;0;0;32769;4100;1057;190;191;191;191;191;191;191;191;190;192;191;191;191;191;191;191;191;192;192;192;192;192;192;192;192;192;192;0;0;0;0;0;-87;0;0;31;30;31;31;99;0;0;0;10;192;9;190;0;0;0;0;1053;0;0;25;36;0;0;0;1;0;0;50;180;1061;150;0;1127;150;251926;13;
13:16:59.261 ;0;12;4;0;1;1;1;0;33;133;nan;0;0;0;0;0;88;113;1;304;168;16;0;0;0;0;32769;4;1057;190;191;191;191;191;191;191;191;190;192;191;191;191;191;191;191;191;192;192;192;192;192;192;192;192;192;192;0;0;0;0;0;-87;0;0;31;30;31;31;99;0;0;0;10;192;9;190;0;0;0;0;1053;0;0;25;36;0;0;0;1;0;0;50;180;1061;151;0;1127;150;252426;13;
13:16:59.759 ;0;13;4;0;1;1;1;0;33;133;nan;0;0;0;0;0;88;113;1;304;168;16;0;0;0;0;32769;4100;1057;190;191;191;191;191;191;191;191;190;192;191;191;191;191;191;191;191;192;192;192;192;192;192;192;192;192;192;0;0;0;0;0;-87;0;0;31;30;31;31;99;0;0;0;10;192;9;190;0;0;0;0;1053;0;0;25;36;0;0;0;1;0;0;50;180;1061;151;0;1127;150;252926;13;
13:17:00.258 ;0;13;4;0;1;1;1;0;33;133;nan;0;0;0;0;0;88;113;1;304;168;16;0;0;0;0;32769;4;1057;190;191;191;191;191;191;191;191;190;192;191;191;191;191;191;191;191;192;192;192;192;192;192;192;192;192;192;0;0;0;0;0;-87;0;0;31;30;31;31;99;0;0;0;10;192;9;190;0;0;0;0;1053;0;0;25;36;0;0;0;1;0;0;50;180;1062;150;0;1127;150;253426;13;
13:17:00.808 ;0;14;4;0;1;1;1;0;33;133;nan;0;0;0;0;0;88;113;1;304;168;16;0;0;0;0;32769;4100;1057;190;191;191;191;191;191;191;191;190;192;191;191;191;191;191;191;191;192;192;192;192;192;192;192;192;192;192;0;0;0;0;0;-87;0;0;31;30;31;31;99;0;0;0;10;192;9;190;0;0;0;0;1053;0;0;25;36;0;0;0;1;0;0;50;180;1061;151;0;1127;150;253926;13;
13:17:01.272 ;0;14;4;0;1;1;1;0;33;133;nan;0;0;0;0;0;88;113;1;304;168;16;0;0;0;0;32769;4;1057;190;191;191;191;191;191;191;191;190;192;191;191;191;191;191;191;191;192;192;192;192;192;192;192;192;192;192;0;0;0;0;0;-87;0;0;31;30;31;31;99;0;0;0;10;192;9;190;0;0;0;0;1053;0;0;25;36;0;0;0;1;0;0;50;180;1061;150;0;1127;150;254427;13;
13:17:01.773 ;0;15;4;0;1;1;1;0;33;133;nan;0;0;0;0;0;88;113;1;304;168;16;0;0;0;0;32769;4100;1057;190;191;191;191;191;191;191;191;190;192;191;191;191;191;191;191;191;192;192;192;192;192;192;192;192;192;192;0;0;0;0;0;-87;0;0;31;30;31;31;99;0;0;0;19;192;1;189;0;0;0;0;1053;0;0;25;36;0;0;0;1;0;0;50;180;1062;151;0;1127;150;254927;13;
13:17:02.278 ;0;15;4;0;1;1;1;0;33;133;nan;0;0;0;0;0;72;113;1;304;168;16;0;0;0;0;32769;4;1057;189;191;191;191;191;191;191;191;190;192;191;191;191;191;191;191;191;192;192;192;192;192;192;192;192;192;192;0;0;0;0;0;-87;0;0;31;30;31;31;99;0;0;0;19;192;1;189;0;0;0;0;1052;0;0;25;36;0;0;0;1;0;0;50;180;1052;0;0;1127;150;255427;13;
13:17:02.758 ;0;16;4;0;1;1;1;0;33;133;nan;0;0;0;0;0;72;113;1;304;168;16;0;0;0;0;32769;4100;1057;189;191;191;191;191;191;191;191;190;191;191;191;191;191;191;191;191;192;192;192;191;191;191;191;191;191;191;0;0;0;0;0;-87;0;0;31;30;31;31;99;0;0;0;19;192;1;189;0;0;0;0;1052;0;0;25;36;0;0;0;1;0;0;50;180;1052;0;0;1127;150;255927;13;
13:17:03.260 ;0;16;4;0;1;1;1;0;33;133;nan;0;0;0;0;0;72;113;1;304;168;16;0;0;0;0;32769;4;1057;189;191;191;191;191;191;191;191;190;191;191;191;191;191;191;191;191;192;192;192;191;191;191;191;191;191;191;0;0;0;0;0;-87;0;0;31;30;31;31;99;0;0;0;19;192;1;189;0;0;0;0;1052;0;0;25;36;0;0;0;1;0;0;50;180;1052;0;0;1127;150;256429;13;
13:17:04.460 ;0;17;4;0;1;1;1;0;33;133;nan;0;0;0;0;0;72;113;1;304;168;16;0;0;0;0;32769;4100;1055;189;191;191;191;191;191;191;191;190;191;191;191;191;191;191;191;191;192;192;192;191;191;191;191;191;191;191;0;0;0;0;0;0;0;0;31;30;31;31;99;0;0;0;19;191;1;189;0;0;0;0;1052;0;0;25;36;0;0;0;1;0;0;50;180;1052;0;0;1127;150;256927;13;
13:17:04.466 ;0;17;4;0;1;1;1;0;33;133;nan;0;0;0;0;0;72;113;1;304;168;16;0;0;0;0;32769;4;1055;189;190;190;190;190;190;190;190;190;191;191;191;191;191;191;191;191;192;192;192;191;191;191;191;191;191;191;0;0;0;0;0;0;0;0;31;30;31;31;99;0;0;0;19;191;1;189;0;0;0;0;1052;0;0;25;36;0;0;0;1;0;0;50;180;1052;0;0;1127;150;257427;13;
13:17:04.757 ;0;18;4;0;1;1;1;0;33;133;nan;0;0;0;0;0;64;113;1;304;168;16;0;0;0;0;32769;4100;1055;189;190;190;190;190;190;190;190;189;190;190;190;191;190;190;190;190;190;191;191;191;191;191;191;191;191;191;0;0;0;0;0;0;0;0;31;30;31;31;99;0;0;0;19;191;1;189;0;0;0;0;1052;0;0;25;36;0;0;0;1;0;0;50;180;0;0;0;1127;150;257927;13;
13:17:05.258 ;0;18;4;0;1;1;1;0;33;133;nan;0;0;0;0;0;64;113;1;304;168;16;0;0;0;0;32769;4;1055;189;190;190;190;190;190;190;190;189;190;190;190;191;190;190;190;190;190;191;191;191;191;191;191;191;191;191;0;0;0;0;0;0;0;0;31;30;31;31;99;0;0;0;19;191;1;189;0;0;0;0;1051;0;0;25;36;0;0;0;1;0;0;50;180;0;0;0;1127;150;258427;13;
13:17:05.774 ;0;19;4;0;1;1;1;0;33;133;nan;0;0;0;0;0;64;113;1;304;168;16;0;0;0;0;32769;4100;1055;189;190;190;190;190;190;190;190;189;190;190;190;191;190;190;190;190;190;191;191;191;191;191;191;191;191;191;0;0;0;0;0;0;0;0;31;30;31;31;99;0;0;0;19;191;1;189;0;0;0;0;1051;0;0;25;36;0;0;0;1;0;0;50;180;0;0;0;1127;150;258927;13;
13:17:06.262 ;0;19;4;0;1;1;1;0;33;133;nan;0;0;0;0;0;64;113;1;304;168;16;0;0;0;0;32769;4;1055;189;190;190;190;190;190;190;190;189;190;190;190;191;190;190;190;190;190;191;191;191;191;191;191;191;191;191;0;0;0;0;0;0;0;0;31;30;31;31;99;0;0;0;19;191;1;189;0;0;0;0;1051;0;0;25;36;0;0;0;1;0;0;50;180;0;0;0;1127;150;259427;13;
13:17:06.775 ;0;20;4;0;1;1;1;0;33;133;nan;0;0;0;0;0;64;113;1;304;168;16;0;0;0;0;32769;4100;1055;189;190;190;190;190;190;190;190;189;190;190;190;191;190;190;190;190;190;191;191;191;191;191;191;191;191;191;0;0;0;0;0;0;0;0;31;30;31;31;99;0;0;0;19;191;1;189;0;0;0;0;1051;0;0;25;36;0;0;0;1;0;0;50;180;0;0;0;1127;150;259927;13;
13:17:07.268 ;0;20;4;0;1;1;1;0;33;133;nan;0;0;0;0;0;64;113;1;304;168;16;0;0;0;0;32769;4;1055;189;190;190;190;190;190;190;190;189;190;190;190;191;190;190;190;190;190;191;191;191;191;191;191;191;191;191;0;0;0;0;0;0;0;0;31;30;31;31;99;0;0;0;19;191;1;189;0;0;0;0;1051;0;0;25;36;0;0;0;1;0;0;50;180;0;0;0;1127;150;260427;13;
13:17:07.762 ;0;21;4;0;1;1;1;0;33;133;nan;0;0;0;0;0;64;113;1;304;168;16;0;0;0;0;32769;4100;1055;189;190;190;190;190;190;190;190;189;190;190;190;191;190;190;190;190;190;191;191;191;191;191;191;191;191;191;0;0;0;0;0;0;0;0;31;30;31;31;99;0;0;0;19;191;9;189;0;0;0;0;1051;0;0;25;36;0;0;0;1;0;0;50;180;0;0;0;1127;150;260927;13;
13:17:08.272 ;0;21;4;0;1;1;1;0;33;133;nan;0;0;0;0;0;64;113;1;304;168;16;0;0;0;0;32769;4;1055;189;190;190;190;190;190;190;190;189;190;190;190;191;190;190;190;190;190;191;191;191;191;191;191;191;191;191;0;0;0;0;0;0;0;0;31;30;31;31;99;0;0;0;19;191;9;189;0;0;0;0;1051;0;0;25;36;0;0;0;1;0;0;50;180;0;0;0;1127;150;261427;13;
13:17:08.781 ;0;22;4;0;1;1;1;0;33;133;nan;0;0;0;0;0;64;113;1;304;168;16;0;0;0;0;32769;4100;1055;189;190;190;190;190;190;190;190;189;190;190;190;191;190;190;190;190;190;191;191;191;191;191;191;191;191;191;0;0;0;0;0;0;0;0;31;30;31;31;99;0;0;0;19;191;9;189;0;0;0;0;1051;0;0;25;36;0;0;0;1;0;0;50;180;0;0;0;1127;150;261927;13;
13:17:09.272 ;0;22;4;0;1;1;1;0;33;133;nan;0;0;0;0;0;64;113;1;304;168;16;0;0;0;0;32769;4;1055;189;190;190;190;190;190;190;190;189;190;190;190;191;190;190;190;190;190;191;191;191;191;191;191;191;191;191;0;0;0;0;0;0;0;0;31;30;31;31;99;0;0;0;19;191;9;189;0;0;0;0;1051;0;0;25;36;0;0;0;1;0;0;50;180;0;0;0;1127;150;262427;13;
13:17:10.398 ;0;23;4;0;1;1;1;0;33;133;nan;0;0;0;0;0;64;113;1;304;168;16;0;0;0;0;32769;4100;1054;189;190;190;190;190;190;190;190;189;190;190;190;191;190;190;190;190;190;191;191;191;191;191;191;191;191;191;0;0;0;0;0;0;0;0;31;30;31;31;99;0;0;0;19;191;9;189;0;0;0;0;1051;0;0;25;36;0;0;0;1;0;0;50;180;0;0;0;1127;150;262927;13;
13:17:10.402 ;0;23;4;0;1;1;1;0;33;133;nan;0;0;0;0;0;64;113;1;304;168;16;0;0;0;0;32769;4;1054;189;190;190;190;190;190;190;190;189;190;190;190;191;190;190;190;190;190;191;191;191;191;191;191;191;191;191;0;0;0;0;0;0;0;0;31;30;31;31;99;0;0;0;19;191;9;189;0;0;0;0;1051;0;0;25;36;0;0;0;1;0;0;50;180;0;0;0;1127;150;263427;13;
13:17:10.779 ;0;24;4;0;1;1;1;0;33;133;nan;0;0;0;0;0;64;113;1;304;168;16;0;0;0;0;32769;4100;1054;189;190;190;190;190;190;190;190;189;190;190;190;191;190;190;190;190;190;191;191;191;191;191;191;191;191;191;0;0;0;0;0;0;0;0;31;30;31;31;99;0;0;0;19;191;9;189;0;0;0;0;1051;0;0;25;36;0;0;0;1;0;0;50;180;0;0;0;1127;150;263928;13;
13:17:11.265 ;0;24;4;0;1;1;1;0;33;133;nan;0;0;0;0;0;64;113;1;304;168;16;0;0;0;0;32769;4;1054;189;190;190;190;190;190;190;190;189;190;190;190;191;190;190;190;190;190;191;191;191;191;191;191;191;191;191;0;0;0;0;0;0;0;0;31;30;31;31;99;0;0;0;19;191;9;189;0;0;0;0;1051;0;0;25;36;0;0;0;1;0;0;50;180;0;0;0;1127;150;264428;13;
13:17:11.771 ;0;25;4;0;1;1;1;0;33;133;nan;0;0;0;0;0;64;113;1;304;168;16;0;0;0;0;32769;4100;1054;189;190;190;190;190;190;190;190;189;190;190;190;191;190;190;190;190;190;191;191;191;191;191;191;191;191;191;0;0;0;0;0;0;0;0;31;30;31;31;99;0;0;0;26;191;9;189;0;0;0;0;1051;0;0;25;36;0;0;0;1;0;0;50;180;0;0;0;1127;150;264928;13;
13:17:12.263 ;0;25;4;0;1;1;1;0;33;133;nan;0;0;0;0;0;64;113;1;304;168;16;0;0;0;0;32769;4;1054;189;190;190;190;190;190;190;190;189;190;190;190;191;190;190;190;190;190;191;191;191;191;191;191;191;191;191;0;0;0;0;0;0;0;0;31;30;31;31;99;0;0;0;26;191;9;189;0;0;0;0;1051;0;0;25;36;0;0;0;1;0;0;50;180;0;0;0;1127;150;265428;13;
