14:58:50.430 ;0;7;10;1;1;0;1;0;51;130;244.67;0;0;0;0;0;0;113;0;0;0;-1;0;0;0;0;32773;4100;978;162.40;162.20;162.30;162.30;162.30;162.30;162.30;162.30;162.30;162.10;162.30;162.30;162.30;162.20;162.30;162.30;162.30;162.30;162.30;162.30;162.30;162.20;162.20;162.20;162.30;162.30;162.20;0.00;0.00;0.00;0.00;0.00;2;34;33;31;30;30;31;38;100;37240000;0;40;162.40;14;162.10;0;1;1;0;979;0;0;25;35;0;0;0;161;200;60;50;180;0;0;0;0;0;1440120;187;
14:58:50.922 ;0;8;10;1;1;0;1;0;51;130;244.67;0;0;0;0;0;0;113;0;0;0;-1;0;0;0;0;32773;4;978;162.40;162.20;162.30;162.30;162.30;162.30;162.30;162.30;162.30;162.10;162.30;162.30;162.30;162.20;162.30;162.30;162.30;162.30;162.30;162.30;162.30;162.20;162.20;162.20;162.30;162.30;162.20;0.00;0.00;0.00;0.00;0.00;2;34;33;31;30;30;31;38;100;37240000;0;40;162.40;14;162.10;0;1;1;0;979;0;0;25;35;0;0;0;161;200;60;50;180;0;0;0;0;0;1440621;187;
14:58:51.848 ;0;8;10;1;1;0;1;0;51;130;244.67;0;0;0;0;0;0;113;0;0;0;-1;0;0;0;0;32773;4100;978;162.40;162.20;162.30;162.30;162.30;162.30;162.30;162.30;162.30;162.10;162.30;162.30;162.30;162.20;162.30;162.30;162.30;162.30;162.30;162.30;162.30;162.20;162.20;162.20;162.30;162.30;162.20;0.00;0.00;0.00;0.00;0.00;2;34;33;31;30;30;31;38;100;37240000;0;40;162.40;14;162.10;0;1;1;0;979;0;0;25;35;0;0;0;161;200;60;50;180;0;0;0;0;0;1441121;187;
14:58:51.936 ;0;9;10;1;1;0;1;0;51;130;244.67;0;0;0;0;0;0;113;0;0;0;-1;0;0;0;0;32773;4;978;162.40;162.20;162.30;162.30;162.30;162.30;162.30;162.30;162.30;162.10;162.30;162.30;162.30;162.20;162.30;162.30;162.30;162.30;162.30;162.30;162.30;162.20;162.20;162.20;162.30;162.30;162.20;0.00;0.00;0.00;0.00;0.00;2;34;33;31;30;30;31;38;100;37240000;0;40;162.40;14;162.10;0;1;1;0;979;0;0;25;35;0;0;0;161;200;60;50;180;0;0;0;0;0;1441621;187;
14:58:52.437 ;0;9;10;1;1;0;1;0;51;130;244.67;0;0;0;0;0;0;113;0;0;0;-1;0;0;0;0;32773;4100;978;162.40;162.20;162.30;162.30;162.30;162.30;162.30;162.30;162.30;162.10;162.30;162.30;162.30;162.20;162.30;162.30;162.30;162.30;162.30;162.30;162.30;162.20;162.20;162.20;162.30;162.30;162.20;0.00;0.00;0.00;0.00;0.00;2;34;33;31;30;30;31;38;100;37240000;0;40;162.40;14;162.10;0;1;1;0;979;0;0;25;35;0;0;0;161;200;60;50;180;0;0;0;0;0;1442121;187;
14:58:52.933 ;0;10;10;1;1;0;1;0;51;130;244.67;0;0;0;0;0;0;113;0;0;0;-1;0;0;0;0;32773;4;978;162.40;162.20;162.30;162.30;162.30;162.30;162.30;162.30;162.30;162.10;162.30;162.30;162.30;162.20;162.30;162.30;162.30;162.30;162.30;162.30;162.30;162.20;162.20;162.20;162.30;162.30;162.20;0.00;0.00;0.00;0.00;0.00;2;34;33;31;30;30;31;38;100;37240000;0;40;162.40;14;162.10;0;1;1;0;979;0;0;25;35;0;0;0;161;200;60;50;180;0;0;0;0;0;1442621;187;
14:58:53.445 ;0;10;10;1;1;0;1;0;51;130;244.67;0;0;0;0;0;0;113;0;0;0;-1;0;0;0;0;32773;4100;978;162.40;162.20;162.30;162.30;162.30;162.30;162.30;162.30;162.30;162.10;162.30;162.30;162.30;162.20;162.30;162.30;162.30;162.30;162.30;162.30;162.30;162.20;162.20;162.20;162.30;162.30;162.20;0.00;0.00;0.00;0.00;0.00;2;34;33;31;30;30;31;38;100;37240000;0;40;162.40;14;162.10;0;1;1;0;979;0;0;25;35;0;0;0;161;200;60;50;180;0;0;0;0;0;1443121;187;
14:58:53.943 ;0;11;10;1;1;0;1;0;51;130;244.67;0;0;0;0;0;0;113;0;0;0;-1;0;0;0;0;32773;4;978;162.40;162.20;162.30;162.30;162.30;162.30;162.30;162.30;162.30;162.10;162.30;162.30;162.30;162.20;162.30;162.30;162.30;162.30;162.30;162.30;162.30;162.20;162.20;162.20;162.30;162.30;162.20;0.00;0.00;0.00;0.00;0.00;2;34;33;31;30;30;31;38;100;37240000;0;40;162.40;14;162.10;0;1;1;0;979;0;0;25;35;0;0;0;161;200;60;50;180;0;0;0;0;0;1443621;187;
14:58:54.430 ;0;11;10;1;1;0;1;0;51;130;244.67;0;0;0;0;0;0;113;0;0;0;-1;0;0;0;0;32773;4100;978;162.40;162.20;162.30;162.30;162.30;162.30;162.30;162.30;162.30;162.10;162.30;162.30;162.30;162.20;162.30;162.30;162.30;162.30;162.30;162.30;162.30;162.20;162.20;162.20;162.30;162.30;162.20;0.00;0.00;0.00;0.00;0.00;2;34;33;31;30;30;31;38;100;37240000;0;40;162.40;14;162.10;0;1;1;0;979;0;0;25;35;0;0;0;161;200;60;50;180;0;0;0;0;0;1444121;187;
14:58:54.933 ;0;12;10;1;1;0;1;0;51;130;244.67;0;0;0;0;0;0;113;0;0;0;-1;0;0;0;0;32773;4;978;162.40;162.20;162.30;162.30;162.30;162.30;162.30;162.30;162.30;162.10;162.30;162.30;162.30;162.20;162.30;162.30;162.30;162.30;162.30;162.30;162.30;162.20;162.20;162.20;162.30;162.30;162.20;0.00;0.00;0.00;0.00;0.00;2;34;33;31;30;30;31;38;100;37240000;0;40;162.40;14;162.10;0;1;1;0;979;0;0;25;35;0;0;0;161;200;60;50;180;0;0;0;0;0;1444621;187;
14:58:55.429 ;0;13;10;1;1;0;1;0;51;130;244.67;0;0;0;0;0;0;113;0;0;0;-1;0;0;0;0;32773;4100;978;162.40;162.20;162.30;162.30;162.30;162.30;162.30;162.30;162.30;162.10;162.30;162.30;162.30;162.20;162.30;162.30;162.30;162.30;162.30;162.30;162.30;162.20;162.20;162.20;162.30;162.30;162.20;0.00;0.00;0.00;0.00;0.00;2;34;33;31;30;30;31;38;100;37240000;0;40;162.40;14;162.10;0;1;1;0;979;0;0;25;35;0;0;0;161;200;60;50;180;0;0;0;0;0;1445121;187;
14:58:55.945 ;0;13;10;1;1;0;1;0;51;130;244.67;0;0;0;0;0;0;113;0;0;0;-1;0;0;0;0;32773;4;978;162.40;162.20;162.30;162.30;162.30;162.30;162.30;162.30;162.30;162.10;162.30;162.30;162.30;162.20;162.30;162.30;162.30;162.30;162.30;162.30;162.30;162.20;162.20;162.20;162.30;162.30;162.20;0.00;0.00;0.00;0.00;0.00;2;34;33;31;30;30;31;38;100;37240000;0;40;162.40;14;162.10;0;1;1;0;979;0;0;25;35;0;0;0;161;200;60;50;180;0;0;0;0;0;1445621;187;
14:58:56.442 ;0;14;10;1;1;0;1;0;51;130;244.67;0;0;0;0;0;0;113;0;0;0;-1;0;0;0;0;32773;4100;978;162.40;162.20;162.30;162.30;162.30;162.30;162.30;162.30;162.30;162.10;162.30;162.30;162.30;162.20;162.30;162.30;162.30;162.30;162.30;162.30;162.30;162.20;162.20;162.20;162.30;162.30;162.20;0.00;0.00;0.00;0.00;0.00;2;34;33;31;30;30;31;38;100;37240000;0;40;162.40;14;162.10;0;1;1;0;979;0;0;25;35;0;0;0;161;200;60;50;180;0;0;0;0;0;1446121;187;
14:58:57.789 ;0;14;10;1;1;0;1;0;51;130;244.67;0;0;0;0;0;0;113;0;0;0;-1;0;0;0;0;32773;4;978;162.40;162.20;162.30;162.30;162.30;162.30;162.30;162.30;162.30;162.10;162.30;162.30;162.30;162.20;162.30;162.30;162.30;162.30;162.30;162.30;162.30;162.20;162.20;162.20;162.30;162.30;162.20;0.00;0.00;0.00;0.00;0.00;2;34;33;31;30;30;31;38;100;37240000;0;40;162.40;14;162.10;0;1;1;0;979;0;0;25;35;0;0;0;161;200;60;50;180;0;0;0;0;0;1446621;187;
14:58:57.793 ;0;15;10;1;1;0;1;0;51;130;244.67;0;0;0;0;0;0;113;0;0;0;-1;0;0;0;0;32773;4100;978;162.40;162.20;162.30;162.30;162.30;162.30;162.30;162.30;162.30;162.10;162.30;162.30;162.30;162.20;162.30;162.30;162.30;162.30;162.30;162.30;162.30;162.20;162.20;162.20;162.30;162.30;162.20;0.00;0.00;0.00;0.00;0.00;2;34;33;31;30;30;31;38;100;37240000;0;40;162.40;14;162.10;0;1;1;0;979;0;0;25;35;0;0;0;161;200;60;50;180;0;0;0;0;0;1447121;187;
14:58:57.944 ;0;15;10;1;1;0;1;0;51;130;244.67;0;0;0;0;0;0;113;0;0;0;-1;0;0;0;0;32773;4;978;162.40;162.20;162.30;162.30;162.30;162.30;162.30;162.30;162.30;162.10;162.30;162.30;162.30;162.20;162.30;162.30;162.30;162.30;162.30;162.30;162.30;162.20;162.20;162.20;162.30;162.30;162.20;0.00;0.00;0.00;0.00;0.00;2;34;33;31;30;30;31;38;100;37240000;0;40;162.40;14;162.10;0;1;1;0;979;0;0;25;35;0;0;0;161;200;60;50;180;0;0;0;0;0;1447621;187;
14:58:58.431 ;0;16;10;1;1;0;1;0;51;130;244.67;0;0;0;0;0;0;113;0;0;0;-1;0;0;0;0;32773;4100;978;162.40;162.20;162.30;162.30;162.30;162.30;162.30;162.30;162.30;162.10;162.30;162.30;162.30;162.20;162.30;162.30;162.30;162.30;162.30;162.30;162.30;162.20;162.20;162.20;162.30;162.30;162.20;0.00;0.00;0.00;0.00;0.00;2;34;33;31;30;30;31;38;100;37240000;0;40;162.40;14;162.10;0;1;1;0;979;0;0;25;35;0;0;0;161;200;60;50;180;0;0;0;0;0;1448121;187;
14:58:58.951 ;0;16;10;1;1;0;1;0;51;130;244.67;0;0;0;0;0;0;113;0;0;0;-1;0;0;0;0;32773;4;978;162.40;162.20;162.30;162.30;162.30;162.30;162.30;162.30;162.30;162.10;162.30;162.30;162.30;162.20;162.30;162.30;162.30;162.30;162.30;162.30;162.30;162.20;162.20;162.20;162.30;162.30;162.20;0.00;0.00;0.00;0.00;0.00;2;34;33;31;30;30;31;38;100;37240000;0;40;162.40;14;162.10;0;1;1;0;979;0;0;25;35;0;0;0;161;200;60;50;180;0;0;0;0;0;1448621;187;
14:58:59.446 ;0;17;10;1;1;0;1;0;51;130;244.67;0;0;0;0;0;0;113;0;0;0;-1;0;0;0;0;32773;4100;978;162.40;162.20;162.30;162.30;162.30;162.30;162.30;162.30;162.30;162.10;162.30;162.30;162.30;162.20;162.30;162.30;162.30;162.30;162.30;162.30;162.30;162.20;162.20;162.20;162.30;162.30;162.20;0.00;0.00;0.00;0.00;0.00;2;34;33;31;30;30;31;38;100;37240000;0;40;162.40;14;162.10;0;1;1;0;979;0;0;25;35;0;0;0;161;200;60;50;180;0;0;0;0;0;1449121;187;
14:58:59.941 ;0;17;10;1;1;0;1;0;51;130;244.67;0;0;0;0;0;0;113;0;0;0;-1;0;0;0;0;32773;4;978;162.40;162.20;162.30;162.30;162.30;162.30;162.30;162.30;162.30;162.10;162.30;162.30;162.30;162.20;162.30;162.30;162.30;162.30;162.30;162.30;162.30;162.20;162.20;162.20;162.30;162.30;162.20;0.00;0.00;0.00;0.00;0.00;2;34;33;31;30;30;31;38;100;37240000;0;40;162.40;14;162.10;0;1;1;0;979;0;0;25;35;0;0;0;161;200;60;50;180;0;0;0;0;0;1449621;187;
14:59:00.443 ;0;17;10;1;1;0;1;0;51;130;244.67;0;0;0;0;0;0;113;0;0;0;-1;0;0;0;0;32773;4100;978;162.40;162.20;162.30;162.30;162.30;162.30;162.30;162.30;162.30;162.10;162.30;162.30;162.30;162.20;162.30;162.30;162.30;162.30;162.30;162.30;162.30;162.20;162.20;162.20;162.30;162.30;162.20;0.00;0.00;0.00;0.00;0.00;2;34;33;31;30;30;31;38;100;37240000;0;40;162.40;14;162.10;0;1;1;0;979;0;0;25;35;0;0;0;161;200;60;50;180;0;0;0;0;0;1450121;187;
14:59:00.930 ;0;18;10;1;1;0;1;0;51;130;244.67;0;0;0;0;0;0;113;0;0;0;-1;0;0;0;0;32773;4;978;162.40;162.20;162.30;162.30;162.30;162.30;162.30;162.30;162.30;162.10;162.30;162.30;162.30;162.20;162.30;162.30;162.30;162.30;162.30;162.30;162.30;162.20;162.20;162.20;162.30;162.30;162.20;0.00;0.00;0.00;0.00;0.00;2;34;33;31;30;30;31;38;100;37240000;0;40;162.40;14;162.10;0;1;1;0;979;0;0;25;35;0;0;0;161;200;60;50;180;0;0;0;0;0;1450621;187;
14:59:01.444 ;0;18;10;1;1;0;1;0;51;130;244.67;0;0;0;0;0;0;113;0;0;0;-1;0;0;0;0;32773;4100;978;162.40;162.20;162.30;162.30;162.30;162.30;162.30;162.30;162.30;162.10;162.30;162.30;162.30;162.20;162.30;162.30;162.30;162.30;162.30;162.30;162.30;162.20;162.20;162.20;162.30;162.30;162.20;0.00;0.00;0.00;0.00;0.00;2;34;33;31;30;30;31;38;100;37240000;0;40;162.40;14;162.10;0;1;1;0;979;0;0;25;35;0;0;0;161;200;60;50;180;0;0;0;0;0;1451121;187;
14:59:01.924 ;0;19;10;1;1;0;1;0;51;130;244.67;0;0;0;0;0;0;113;0;0;0;-1;0;0;0;0;32773;4;978;162.40;162.20;162.30;162.30;162.30;162.30;162.30;162.30;162.30;162.10;162.30;162.30;162.30;162.20;162.30;162.30;162.30;162.30;162.30;162.30;162.30;162.20;162.20;162.20;162.30;162.30;162.20;0.00;0.00;0.00;0.00;0.00;2;34;33;31;30;30;31;38;100;37240000;0;40;162.40;14;162.10;0;1;1;0;979;0;0;25;35;0;0;0;161;200;60;50;180;0;0;0;0;0;1451621;187;
14:59:02.434 ;0;19;10;1;1;0;1;0;51;130;244.67;0;0;0;0;0;0;113;0;0;0;-1;0;0;0;0;32773;4100;978;162.40;162.20;162.30;162.30;162.30;162.30;162.30;162.30;162.30;162.10;162.30;162.30;162.30;162.20;162.30;162.30;162.30;162.30;162.30;162.30;162.30;162.20;162.20;162.20;162.30;162.30;162.20;0.00;0.00;0.00;0.00;0.00;2;34;33;31;30;30;31;38;100;37240000;0;40;162.40;14;162.10;0;1;1;0;979;0;0;25;35;0;0;0;161;200;60;50;180;0;0;0;0;0;1452121;187;
14:59:03.236 ;0;20;10;1;1;0;1;0;51;130;244.67;0;0;0;0;0;0;113;0;0;0;-1;0;0;0;0;32773;4;978;162.40;162.20;162.30;162.30;162.30;162.30;162.30;162.30;162.30;162.10;162.30;162.30;162.30;162.20;162.30;162.30;162.30;162.30;162.30;162.30;162.30;162.20;162.20;162.20;162.30;162.30;162.20;0.00;0.00;0.00;0.00;0.00;2;34;33;31;30;30;31;38;100;37240000;0;40;162.40;14;162.10;0;1;1;0;979;0;0;25;35;0;0;0;161;200;60;50;180;0;0;0;0;0;1452621;187;
14:59:05.214 ;0;20;10;1;1;0;1;0;51;130;244.67;0;0;0;0;0;0;113;0;0;0;-1;0;0;0;0;32773;4100;978;162.40;162.20;162.30;162.30;162.30;162.30;162.30;162.30;162.30;162.10;162.30;162.30;162.30;162.20;162.30;162.30;162.30;162.30;162.30;162.30;162.30;162.20;162.20;162.20;162.30;162.30;162.20;0.00;0.00;0.00;0.00;0.00;2;34;33;31;30;30;31;38;100;37240000;0;40;162.40;14;162.10;0;1;1;0;979;0;0;25;35;0;0;0;161;200;60;50;180;0;0;0;0;0;1453121;187;
14:59:05.217 ;0;21;10;1;1;0;1;0;51;130;244.67;0;0;0;0;0;0;113;0;0;0;-1;0;0;0;0;32773;4;978;162.40;162.20;162.30;162.30;162.30;162.30;162.30;162.30;162.30;162.10;162.30;162.30;162.30;162.20;162.30;162.30;162.30;162.30;162.30;162.30;162.30;162.20;162.20;162.20;162.30;162.30;162.20;0.00;0.00;0.00;0.00;0.00;2;34;33;31;30;30;31;38;100;37240000;0;40;162.40;14;162.10;0;1;1;0;979;0;0;25;35;0;0;0;161;200;60;50;180;0;0;0;0;0;1453621;187;
14:59:05.226 ;0;21;10;1;1;0;1;0;51;130;244.67;0;0;0;0;0;0;113;0;0;0;-1;0;0;0;0;32773;4100;978;162.40;162.20;162.30;162.30;162.30;162.30;162.30;162.30;162.30;162.10;162.30;162.30;162.30;162.20;162.30;162.30;162.30;162.30;162.30;162.30;162.30;162.20;162.20;162.20;162.30;162.30;162.20;0.00;0.00;0.00;0.00;0.00;2;34;33;31;30;30;31;38;100;37240000;0;40;162.40;14;162.10;0;1;1;0;979;0;0;25;35;0;0;0;161;200;60;50;180;0;0;0;0;0;1454121;187;
14:59:05.272 ;0;22;10;1;1;0;1;0;51;130;244.67;0;0;0;0;0;0;113;0;0;0;-1;0;0;0;0;32773;4;978;162.40;162.20;162.30;162.30;162.30;162.30;162.30;162.30;162.30;162.10;162.30;162.30;162.30;162.20;162.30;162.30;162.30;162.30;162.30;162.30;162.30;162.20;162.20;162.20;162.30;162.30;162.20;0.00;0.00;0.00;0.00;0.00;2;34;33;31;30;30;31;38;100;37240000;0;40;162.40;14;162.10;0;1;1;0;979;0;0;25;35;0;0;0;161;200;60;50;180;0;0;0;0;0;1454621;187;
14:59:05.439 ;0;23;10;1;1;0;1;0;51;130;244.72;0;14;0;118;0;0;113;0;0;0;-1;0;0;0;0;32773;4100;978;162.40;162.20;162.30;162.30;162.30;162.30;162.30;162.30;162.30;162.10;162.30;162.30;162.30;162.20;162.30;162.30;162.30;162.30;162.30;162.30;162.30;162.20;162.20;162.20;162.30;162.30;162.20;0.00;0.00;0.00;0.00;0.00;2;34;33;31;30;30;31;38;100;37240000;0;40;162.40;14;162.10;0;1;1;0;979;58;118;25;35;22;0;0;169;176;60;50;180;0;0;0;0;0;1455121;187;
14:59:05.927 ;0;23;10;1;1;0;1;0;51;130;244.73;0;23;0;188;0;0;113;0;0;0;-1;0;0;0;0;32773;4;978;162.40;162.20;162.30;162.30;162.30;162.30;162.30;162.30;162.30;162.10;162.30;162.30;162.30;162.20;162.30;162.30;162.30;162.20;162.30;162.20;162.20;162.20;162.20;162.20;162.20;162.10;162.20;0.00;0.00;0.00;0.00;0.00;6;34;33;30;29;31;31;38;100;37240000;0;40;162.40;14;162.10;0;1;1;0;979;30;188;25;35;23;0;0;169;138;60;50;180;0;0;0;0;0;1455621;187;
14:59:06.440 ;0;24;10;1;1;0;1;0;51;130;244.73;0;42;0;338;0;0;113;0;0;0;-1;0;0;0;0;32773;4100;978;162.40;162.20;162.30;162.30;162.30;162.30;162.30;162.30;162.20;161.80;162.10;162.10;162.00;162.00;162.00;162.00;162.10;162.20;162.30;162.20;162.20;162.20;162.20;162.20;162.20;162.10;162.20;0.00;0.00;0.00;0.00;0.00;74;34;33;31;28;30;31;38;100;37240000;0;40;162.40;14;161.80;0;1;1;0;978;20;338;25;35;24;0;0;169;108;60;50;180;0;0;0;0;0;1456121;187;
14:59:06.933 ;0;24;10;1;1;0;1;0;51;130;244.74;0;59;0;472;0;0;113;0;0;0;-1;0;0;0;0;32773;4;978;162.10;162.00;162.00;162.00;162.00;161.90;161.90;161.80;161.80;161.10;161.60;161.60;161.60;161.50;161.50;161.50;161.60;161.60;162.30;162.20;162.20;162.20;162.20;162.20;162.20;162.20;162.20;0.00;0.00;0.00;0.00;0.00;186;34;33;31;29;29;31;38;100;37240000;0;39;162.30;14;161.10;0;1;1;0;977;50;472;25;35;28;0;0;169;94;60;50;180;0;0;0;0;0;1456621;187;
14:59:07.438 ;0;25;10;1;1;0;1;0;51;130;244.75;0;93;0;739;0;0;113;0;0;0;-1;0;0;0;0;32773;4100;977;161.60;161.40;161.30;161.30;161.30;161.20;161.20;161.10;161.20;160.10;161.10;161.10;161.00;161.00;161.00;161.20;161.60;161.50;162.20;162.20;162.20;162.20;162.20;162.20;162.20;162.20;162.20;0.00;0.00;0.00;0.00;0.00;233;34;33;31;30;29;31;38;100;37240000;0;38;162.20;14;160.10;0;1;1;0;975;1569;739;25;35;28;0;0;169;82;49;50;180;0;0;0;0;0;1457121;187;
14:59:07.951 ;0;25;10;1;1;0;1;0;51;130;244.77;0;144;0;1138;0;0;113;0;0;0;-1;0;0;0;0;32773;4;975;160.80;160.40;160.10;160.10;160.80;160.60;160.40;160.20;160.10;157.90;159.70;159.60;159.60;159.60;159.50;159.80;160.30;159.70;160.30;160.20;160.20;161.00;162.10;162.20;162.20;162.20;162.20;0.00;0.00;0.00;0.00;0.00;646;34;33;31;29;30;31;38;100;37240000;0;28;161.20;13;156.20;0;1;1;0;970;1240;1138;25;35;28;0;0;169;82;31;50;180;0;0;0;0;0;1457621;187;
14:59:08.448 ;0;26;10;1;1;0;1;0;51;130;244.79;0;126;0;994;0;0;113;0;0;0;-1;0;0;0;0;32773;4100;971;160.10;159.90;159.50;159.60;159.30;159.20;158.90;158.70;158.00;154.80;158.00;157.80;157.90;158.00;158.00;158.10;158.00;156.80;158.10;157.90;158.00;158.60;159.70;159.80;159.90;160.00;159.90;0.00;0.00;0.00;0.00;0.00;1023;34;33;31;30;29;31;38;100;37240000;0;17;160.10;13;155.60;0;1;1;0;973;312;994;25;35;0;0;0;169;82;30;50;180;0;0;0;0;0;1458122;187;
14:59:08.945 ;0;26;10;1;1;0;1;0;51;130;244.80;0;80;0;634;0;0;113;0;0;0;-1;0;0;0;0;32773;4;967;159.00;158.80;158.60;158.90;158.90;158.90;158.90;158.90;158.90;156.60;159.00;158.90;158.90;159.00;159.00;159.10;159.10;158.50;159.40;159.40;160.90;160.90;160.90;161.10;161.10;161.20;161.30;0.00;0.00;0.00;0.00;0.00;-201;34;33;31;30;29;31;38;100;37240000;0;16;160.00;13;156.60;0;1;1;0;976;520;634;25;35;0;0;0;169;82;55;50;180;0;0;0;0;0;1458622;187;
14:59:09.445 ;0;26;10;1;1;0;1;0;51;130;244.81;0;79;0;627;0;0;113;0;0;0;-1;0;0;0;0;32773;4100;977;161.60;161.40;161.40;161.50;161.50;161.40;161.60;161.50;161.50;160.90;161.70;161.70;161.60;161.70;161.80;161.80;161.90;162.00;162.00;162.20;162.20;162.30;162.30;162.50;162.60;162.70;162.80;0.00;0.00;0.00;0.00;0.00;-84;34;33;31;30;30;31;38;100;37240000;0;44;162.80;14;160.90;0;1;1;0;977;690;627;25;35;10;0;0;169;83;57;50;180;0;0;0;0;0;1459122;187;
14:59:09.933 ;0;27;10;1;1;0;1;0;51;130;244.82;0;82;0;652;0;0;113;0;0;0;-1;0;0;0;0;32773;4;980;162.30;162.20;162.20;162.20;162.10;162.10;162.10;162.00;162.70;162.70;162.70;162.70;162.70;162.60;162.60;162.60;162.60;162.60;162.60;162.60;162.60;162.50;162.40;162.50;162.50;162.50;162.50;0.00;0.00;0.00;0.00;0.00;297;34;33;30;30;30;31;38;100;37240000;0;45;162.90;14;162.40;0;1;1;0;977;500;652;25;35;0;0;0;169;82;54;50;180;0;0;0;0;0;1459622;187;
14:59:10.656 ;0;27;10;1;1;0;1;0;51;130;244.83;0;32;0;255;0;0;113;0;0;0;-1;0;0;0;0;32773;4100;977;162.00;161.90;161.90;162.00;162.00;162.10;162.10;162.00;162.10;161.60;162.00;161.90;161.90;161.80;161.70;161.80;161.70;161.50;161.70;161.60;161.70;161.70;161.70;161.70;161.80;161.70;161.70;0.00;0.00;0.00;0.00;0.00;-203;34;33;31;29;30;31;38;100;37240000;0;37;162.10;14;161.60;0;1;1;0;978;162;255;25;35;0;0;0;169;115;60;50;180;0;0;0;0;0;1460122;187;
14:59:11.154 ;0;28;10;1;1;0;1;0;51;130;244.83;0;27;0;213;0;0;113;0;0;0;-1;0;0;0;0;32773;4;977;162.00;161.80;161.90;162.00;162.00;162.10;162.10;162.10;162.10;161.80;162.00;161.90;162.00;161.90;161.90;162.00;161.90;161.80;161.90;161.80;161.80;161.90;161.70;161.80;162.40;162.40;162.30;0.00;0.00;0.00;0.00;0.00;-12;34;33;30;30;30;31;38;100;37240000;0;37;162.10;14;161.70;0;1;1;0;978;914;213;25;35;6;0;0;169;132;60;50;180;0;0;0;0;0;1460622;187;
14:59:11.442 ;0;28;10;1;1;0;1;0;51;130;244.84;0;56;0;447;0;0;113;0;0;0;-1;0;0;0;0;32773;4100;979;162.40;162.30;162.40;162.40;162.40;162.50;162.60;162.60;162.60;162.50;162.50;162.50;162.50;162.40;162.50;162.50;162.50;162.50;162.50;162.40;162.40;162.40;162.30;162.40;162.40;162.40;162.30;0.00;0.00;0.00;0.00;0.00;157;34;33;31;30;30;31;38;100;37240000;0;39;162.30;14;161.70;0;1;1;0;977;72;447;25;35;9;0;0;169;97;60;50;180;0;0;0;0;0;1461122;187;
14:59:11.931 ;0;29;10;1;1;0;1;0;51;130;244.84;0;17;0;134;0;0;113;0;0;0;-1;0;0;0;0;32773;4;977;162.20;162.10;162.10;162.10;162.00;162.00;162.00;162.00;162.00;161.50;161.80;161.60;161.50;161.40;161.40;161.40;161.30;161.00;161.30;161.30;161.40;161.30;161.30;161.30;161.80;161.80;161.90;0.00;0.00;0.00;0.00;0.00;245;34;33;31;30;30;31;38;100;37240000;0;38;162.20;14;161.00;0;1;1;0;978;192;134;25;35;0;0;0;169;119;60;50;180;0;0;0;0;0;1461622;187;
14:59:12.434 ;0;29;10;1;1;0;1;0;51;130;244.84;0;16;0;130;0;0;113;0;0;0;-1;0;0;0;0;32773;4100;976;162.10;162.00;162.00;162.10;162.00;162.00;162.00;162.00;162.00;161.50;161.80;161.60;161.40;161.30;161.30;161.30;161.50;161.30;161.50;161.50;161.60;161.50;161.50;161.60;161.80;161.80;161.90;0.00;0.00;0.00;0.00;0.00;4;34;33;31;30;30;31;38;100;37240000;0;37;162.10;14;161.00;0;1;1;0;978;64;130;25;35;23;0;0;169;169;60;50;180;0;0;0;0;0;1462122;187;
14:59:12.940 ;0;30;10;1;1;0;1;0;51;130;244.85;0;25;0;200;0;0;113;0;0;0;-1;0;0;0;0;32773;4;977;162.10;162.10;162.10;162.10;162.00;162.00;162.10;162.00;162.10;161.80;162.00;162.00;162.00;161.90;162.00;162.00;162.10;162.00;162.10;162.00;162.10;162.00;161.90;161.90;162.00;161.90;161.90;0.00;0.00;0.00;0.00;0.00;64;34;33;30;30;31;31;38;100;37240000;0;37;162.10;14;161.80;0;1;1;0;978;31;200;25;35;5;0;0;169;132;60;50;180;0;0;0;0;0;1462622;187;
14:59:13.434 ;0;31;10;1;1;0;1;0;51;130;244.85;0;6;0;55;0;0;113;0;0;0;-1;0;0;0;0;32773;4100;977;162.20;162.10;162.10;162.10;162.00;162.00;162.10;162.00;162.10;161.90;162.00;162.00;162.00;161.90;161.90;161.80;161.80;161.60;161.80;161.90;162.10;162.00;161.90;161.90;162.00;161.90;161.90;0.00;0.00;0.00;0.00;0.00;81;34;33;30;31;31;31;38;100;37240000;0;38;162.20;14;161.60;0;1;1;0;978;31;55;25;35;0;0;0;169;195;60;50;180;0;0;0;0;0;1463122;187;
14:59:13.959 ;0;31;10;1;1;0;1;0;51;130;244.85;0;20;0;165;0;0;113;0;0;0;-1;0;0;0;0;32773;4;977;162.20;162.10;162.10;162.10;162.00;162.00;162.10;162.00;162.10;161.90;162.00;162.00;162.00;161.90;161.90;161.80;161.80;161.60;161.80;161.90;162.10;162.00;162.00;162.00;162.00;162.00;162.00;0.00;0.00;0.00;0.00;0.00;7;34;33;30;28;30;31;38;100;37240000;0;38;162.20;14;161.60;0;1;1;0;978;41;165;25;35;30;0;0;169;148;60;50;180;0;0;0;0;0;1463622;187;
14:59:14.447 ;0;32;10;1;1;0;1;0;51;130;244.85;0;15;0;124;0;0;113;0;0;0;-1;0;0;0;0;32773;4100;977;162.20;162.10;162.10;162.10;162.00;162.00;162.10;162.00;162.10;161.90;162.00;162.00;162.00;161.90;161.90;161.90;161.90;161.70;161.80;161.90;162.00;161.90;161.90;161.80;161.90;162.00;162.00;0.00;0.00;0.00;0.00;0.00;94;34;33;31;30;29;32;38;100;37240000;0;38;162.20;14;161.70;0;1;1;0;978;0;124;25;35;0;0;0;169;155;60;50;180;0;0;0;0;0;1464122;187;
14:59:14.946 ;0;32;10;1;1;0;1;0;51;130;244.85;0;7;0;59;0;0;113;0;0;0;-1;0;0;0;0;32773;4;977;162.20;162.10;162.10;162.10;162.00;162.00;162.10;162.00;162.10;161.90;162.00;162.00;162.00;161.90;161.90;161.90;161.90;161.80;161.80;161.90;162.00;161.90;161.90;161.80;161.90;162.00;162.00;0.00;0.00;0.00;0.00;0.00;5;34;33;30;32;29;31;38;100;37240000;0;38;162.20;14;161.80;0;1;1;0;978;10;59;25;35;0;0;0;169;194;60;50;180;0;0;0;0;0;1464622;187;
14:59:15.438 ;0;33;10;1;1;0;1;0;51;130;244.86;0;14;0;113;0;0;113;0;0;0;-1;0;0;0;0;32773;4100;977;162.20;162.10;162.10;162.10;162.10;162.00;162.10;162.00;162.10;161.90;162.10;162.10;162.00;162.00;162.00;162.00;162.10;162.10;162.10;162.00;162.10;162.00;162.00;162.00;162.10;162.00;162.00;0.00;0.00;0.00;0.00;0.00;4;34;33;30;31;30;31;38;100;37240000;0;38;162.20;14;161.90;0;1;1;0;978;22;113;25;35;17;0;0;169;176;60;50;180;0;0;0;0;0;1465122;187;
14:59:15.933 ;0;33;10;1;1;0;1;0;51;130;244.86;0;23;0;188;0;0;113;0;0;0;-1;0;0;0;0;32773;4;978;162.20;162.10;162.10;162.10;162.10;162.00;162.10;162.00;162.10;161.90;162.10;162.10;162.00;162.00;162.00;162.00;162.10;162.00;162.10;162.00;162.10;162.00;162.00;162.00;162.10;162.10;162.00;0.00;0.00;0.00;0.00;0.00;35;34;33;29;31;31;31;38;100;37240000;0;38;162.20;14;161.90;0;1;1;0;978;22;188;25;35;34;0;0;169;135;60;50;180;0;0;0;0;0;1465623;187;
14:59:17.094 ;0;34;10;1;1;0;1;0;51;130;244.86;0;55;0;436;0;0;113;0;0;0;-1;0;0;0;0;32773;4100;978;162.10;161.90;161.80;161.90;161.80;161.80;161.70;161.90;162.10;161.90;162.10;162.10;162.00;162.00;162.00;162.00;162.10;162.00;162.10;162.00;162.10;162.00;162.00;162.00;162.10;162.00;162.00;0.00;0.00;0.00;0.00;0.00;9;34;33;31;28;31;31;38;100;37240000;0;37;162.10;14;161.70;0;1;1;0;977;40;436;25;35;46;0;0;169;98;60;50;180;0;0;0;0;0;1466123;187;
14:59:17.096 ;0;34;10;1;1;0;1;0;51;130;244.87;0;41;0;329;0;0;113;0;0;0;-1;0;0;0;0;32773;4;976;161.20;160.90;160.70;160.80;160.60;160.50;160.50;160.60;160.80;159.70;161.60;162.10;162.00;162.00;162.00;162.00;162.10;162.00;162.10;162.00;162.10;162.00;162.00;162.00;162.10;162.00;161.90;0.00;0.00;0.00;0.00;0.00;-24;34;33;31;29;30;32;38;100;37240000;0;37;162.10;14;159.70;0;1;1;0;978;151;329;25;35;0;0;0;169;109;60;50;180;0;0;0;0;0;1466623;187;
14:59:17.435 ;0;34;10;1;1;0;1;0;51;130;244.87;0;1;0;12;0;0;113;0;0;0;-1;0;0;0;0;32773;4100;976;161.30;161.00;161.00;161.00;160.90;160.90;160.80;160.80;160.80;159.70;161.60;162.10;162.00;162.00;162.10;162.10;162.10;162.10;162.10;162.00;162.10;162.00;162.00;162.00;162.10;162.00;161.90;0.00;0.00;0.00;0.00;0.00;-21;34;33;31;30;30;31;38;100;37240000;0;37;162.10;14;159.70;0;1;1;0;978;1350;12;25;35;7;0;0;169;199;60;50;180;0;0;0;0;0;1467123;187;
14:59:17.946 ;0;35;10;1;1;0;1;0;51;130;244.87;0;20;0;163;0;0;113;0;0;0;-1;0;0;0;0;32773;4;976;162.20;162.10;162.10;162.10;162.10;162.10;162.10;162.10;162.10;162.00;162.10;162.10;162.10;162.00;162.10;162.10;162.00;161.90;162.10;162.00;162.10;162.00;162.00;162.00;162.10;162.00;162.00;0.00;0.00;0.00;0.00;0.00;23;34;33;30;31;30;31;38;100;37240000;0;38;162.20;14;162.00;0;1;1;0;978;2525;163;25;35;29;0;0;169;148;60;50;180;0;0;0;0;0;1467624;187;
14:59:18.435 ;0;35;10;1;1;0;1;0;51;130;244.88;0;19;0;150;0;0;113;0;0;0;-1;0;0;0;0;32773;4100;978;162.20;162.10;162.10;162.10;162.10;162.10;162.10;162.10;162.10;161.90;162.10;162.10;162.00;162.00;162.00;162.00;162.00;161.80;162.10;162.00;162.10;162.00;162.00;162.00;162.10;162.00;162.00;0.00;0.00;0.00;0.00;0.00;93;34;33;30;29;30;31;38;100;37240000;0;38;162.20;14;161.80;0;1;1;0;978;10;150;25;35;0;0;0;169;132;60;50;180;0;0;0;0;0;1468124;187;
14:59:18.940 ;0;36;10;1;1;0;1;0;51;130;244.88;0;8;0;63;0;0;113;0;0;0;-1;0;0;0;0;32773;4;977;162.10;161.90;161.80;161.80;161.70;161.70;161.60;161.70;162.10;161.80;162.10;162.10;162.00;162.00;161.90;162.00;161.90;161.80;162.10;162.00;162.10;162.00;162.00;162.00;162.10;162.00;162.00;0.00;0.00;0.00;0.00;0.00;7;34;33;30;29;31;31;38;100;37240000;0;37;162.10;14;161.60;0;1;1;0;978;120;63;25;35;0;0;0;169;194;60;50;180;0;0;0;0;0;1468623;187;
14:59:19.450 ;0;36;10;1;1;0;1;0;51;130;244.88;0;18;0;143;0;0;113;0;0;0;-1;0;0;0;0;32773;4100;977;162.10;161.90;161.80;161.80;161.70;161.70;161.60;161.70;162.10;161.90;162.10;162.10;162.00;162.00;162.00;162.00;162.00;162.00;162.10;162.00;162.10;162.00;162.00;162.00;162.10;162.00;162.00;0.00;0.00;0.00;0.00;0.00;4;34;33;31;30;30;31;38;100;37240000;0;37;162.10;14;161.60;0;1;1;0;978;14;143;25;35;24;0;0;169;162;60;50;180;0;0;0;0;0;1469123;187;
14:59:19.931 ;0;37;10;1;1;0;1;0;51;130;244.89;0;34;0;270;0;0;113;0;0;0;-1;0;0;0;0;32773;4100;977;162.10;162.00;162.00;162.10;162.00;162.00;162.10;162.00;162.10;161.90;162.10;162.10;162.00;162.00;162.00;162.00;162.00;162.00;162.10;162.00;161.70;161.60;161.60;161.60;161.60;161.60;161.60;0.00;0.00;0.00;0.00;0.00;6;34;33;31;30;30;31;38;100;37240000;0;37;162.10;14;161.90;0;1;1;0;978;0;270;25;35;0;0;0;169;115;60;50;180;0;0;0;0;0;1469623;187;
14:59:20.451 ;0;37;10;1;1;0;1;0;51;130;244.89;0;7;0;60;0;0;113;0;0;0;-1;0;0;0;0;32773;4100;977;162.10;162.00;162.00;162.10;162.00;162.00;162.10;162.00;162.10;161.90;162.10;162.10;162.00;162.00;161.90;161.90;161.80;161.60;161.80;161.70;161.70;161.60;161.60;161.60;161.60;161.60;161.50;0.00;0.00;0.00;0.00;0.00;7;34;33;31;31;30;31;38;100;37240000;0;37;162.10;14;161.50;0;1;1;0;978;20;60;25;35;0;0;0;185;194;60;50;180;0;0;0;0;0;1470123;187;
14:59:20.942 ;0;38;10;1;1;0;1;0;51;130;244.89;0;16;0;128;0;0;113;0;0;0;-1;0;0;0;0;32773;4100;977;162.10;162.00;162.00;162.10;162.00;162.00;162.10;162.00;162.10;161.90;162.10;162.10;162.00;162.00;162.00;162.00;162.00;162.00;162.10;162.00;162.00;162.00;162.00;162.00;162.00;162.00;162.00;0.00;0.00;0.00;0.00;0.00;6;34;33;30;31;30;31;38;100;37240000;0;37;162.10;14;161.90;0;1;1;0;978;30;128;25;35;24;0;0;169;169;60;50;180;0;0;0;0;0;1470623;187;
14:59:21.434 ;0;38;10;1;1;0;1;0;51;130;244.89;0;24;0;195;0;0;113;0;0;0;-1;0;0;0;0;32773;4100;977;162.10;162.00;162.00;162.10;162.00;162.00;162.10;162.00;162.10;161.90;162.10;162.10;162.00;162.00;162.00;162.00;162.00;162.00;162.00;162.00;162.00;162.00;162.00;162.00;162.00;162.00;162.00;0.00;0.00;0.00;0.00;0.00;42;34;33;30;30;31;31;38;100;37240000;0;37;162.10;14;161.90;0;1;1;0;978;30;195;25;35;34;0;0;169;135;60;50;180;0;0;0;0;0;1471123;187;
14:59:21.949 ;0;39;10;1;1;0;1;0;51;130;244.89;0;7;0;61;0;0;113;0;0;0;-1;0;0;0;0;32773;4100;977;162.10;162.00;161.90;161.90;161.80;161.80;161.70;161.70;161.80;161.80;162.10;162.10;162.00;162.00;162.00;162.00;162.00;161.90;162.00;161.90;162.00;162.00;162.00;162.00;162.00;162.00;162.00;0.00;0.00;0.00;0.00;0.00;9;34;33;31;30;30;32;38;100;37240000;0;37;162.10;14;161.70;0;1;1;0;978;215;61;25;35;0;0;0;169;194;60;50;180;0;0;0;0;0;1471623;187;
14:59:23.031 ;0;39;10;1;1;0;1;0;51;130;244.90;0;9;0;78;0;0;113;0;0;0;-1;0;0;0;0;32773;4100;977;162.10;162.00;161.90;161.90;161.80;161.80;161.70;161.70;161.80;161.80;162.10;162.10;162.00;162.00;162.00;162.00;162.10;162.00;162.00;162.00;162.00;162.00;162.00;162.00;162.00;162.00;162.00;0.00;0.00;0.00;0.00;0.00;4;34;33;31;30;30;31;38;100;37240000;0;37;162.10;14;161.80;0;1;1;0;978;2031;78;25;35;19;0;0;169;191;60;50;180;0;0;0;0;0;1472123;187;
14:59:23.036 ;0;40;10;1;1;0;1;0;51;130;244.90;0;34;0;270;0;0;113;0;0;0;-1;0;0;0;0;32773;4100;977;162.10;162.00;162.00;162.10;162.00;162.00;162.00;162.00;162.00;161.60;162.10;162.10;162.00;162.00;162.00;162.10;162.10;162.00;162.10;162.00;162.10;162.00;162.00;162.00;162.10;162.00;162.00;0.00;0.00;0.00;0.00;0.00;71;34;33;31;29;30;31;38;100;37240000;0;37;162.10;14;161.60;0;1;1;0;977;971;270;25;35;27;0;0;169;162;60;50;180;0;0;0;0;0;1472623;187;
14:59:23.425 ;0;41;10;1;1;0;1;0;51;130;244.90;0;32;0;256;0;0;113;0;0;0;-1;0;0;0;0;32773;4;977;161.70;161.60;161.60;161.60;161.50;161.40;161.40;161.40;161.80;161.50;162.10;162.10;162.00;162.00;162.00;162.10;162.10;162.00;162.10;162.00;162.10;162.00;162.00;162.00;162.10;162.00;162.00;0.00;0.00;0.00;0.00;0.00;201;34;33;31;30;30;31;38;100;37240000;0;37;162.10;14;161.40;0;1;1;0;978;100;256;25;35;0;0;0;169;116;60;50;180;0;0;0;0;0;1473123;187;
14:59:23.931 ;0;41;10;1;1;0;1;0;51;130;244.90;0;7;0;59;0;0;113;0;0;0;-1;0;0;0;0;32773;4;977;161.70;161.60;161.50;161.50;161.50;161.50;161.40;161.40;161.80;161.80;162.10;162.10;162.00;162.00;162.00;162.10;162.10;162.00;162.10;162.00;162.10;162.00;162.00;162.00;162.10;162.00;162.00;0.00;0.00;0.00;0.00;0.00;0;34;33;30;30;30;31;38;100;37240000;0;37;162.10;14;161.40;0;1;1;0;978;20;59;25;35;0;0;0;169;194;60;50;180;0;0;0;0;0;1473623;187;
14:59:24.441 ;0;42;10;1;1;0;1;0;51;130;244.91;0;16;0;129;0;0;113;0;0;0;-1;0;0;0;0;32773;4100;977;162.10;162.00;162.00;162.10;162.00;162.00;162.00;162.00;162.10;161.80;162.10;162.10;162.00;162.00;162.00;162.10;162.10;162.00;162.10;162.00;162.10;162.00;162.00;162.00;162.10;162.00;162.00;0.00;0.00;0.00;0.00;0.00;4;34;33;31;30;30;32;38;100;37240000;0;37;162.10;14;161.80;0;1;1;0;978;22;129;25;35;21;0;0;169;183;60;50;180;0;0;0;0;0;1474123;187;
14:59:24.950 ;0;42;10;1;1;0;1;0;51;130;244.91;0;24;0;192;0;0;113;0;0;0;-1;0;0;0;0;32773;4;977;162.10;162.00;162.00;162.10;162.00;162.10;162.00;162.00;162.10;161.80;162.00;162.00;161.90;161.90;161.90;161.90;162.10;162.00;162.10;162.00;162.10;162.00;162.00;162.00;162.00;162.00;162.00;0.00;0.00;0.00;0.00;0.00;56;34;33;31;30;30;32;38;100;37240000;0;37;162.10;14;161.80;0;1;1;0;978;20;192;25;35;21;0;0;169;135;60;50;180;0;0;0;0;0;1474623;187;
14:59:25.440 ;0;43;10;1;1;0;1;0;51;130;244.91;0;15;0;125;0;0;113;0;0;0;-1;0;0;0;0;32773;4100;977;162.10;162.00;162.00;162.10;162.00;162.10;162.00;162.00;162.10;161.80;162.00;162.00;161.90;161.90;161.90;161.90;161.80;161.70;162.00;162.00;162.10;162.00;162.00;162.00;162.00;162.00;162.00;0.00;0.00;0.00;0.00;0.00;42;34;33;31;30;30;31;38;100;37240000;0;37;162.10;14;161.70;0;1;1;0;978;10;125;25;35;0;0;0;169;169;60;50;180;0;0;0;0;0;1475123;187;
14:59:25.947 ;0;43;10;1;1;0;1;0;51;130;244.91;0;5;0;43;0;0;113;0;0;0;-1;0;0;0;0;32773;4;977;162.10;162.00;162.00;162.10;162.00;162.10;162.00;162.00;162.10;161.80;162.00;162.00;161.90;161.90;161.90;161.90;161.80;161.70;162.00;162.00;162.10;162.00;162.00;162.00;162.00;162.00;162.00;0.00;0.00;0.00;0.00;0.00;5;34;33;31;31;30;31;38;100;37240000;0;37;162.10;14;161.70;0;1;1;0;978;10;43;25;35;0;0;0;169;196;60;50;180;0;0;0;0;0;1475623;187;
14:59:26.441 ;0;43;10;1;1;0;1;0;51;130;244.91;0;13;0;108;0;0;113;0;0;0;-1;0;0;0;0;32773;4100;978;162.10;162.00;162.10;162.10;162.00;162.10;162.10;162.10;162.10;161.90;162.10;162.10;162.10;162.00;162.10;162.10;162.10;162.10;162.10;162.00;162.10;162.00;162.00;162.00;162.10;162.00;162.00;0.00;0.00;0.00;0.00;0.00;4;34;33;31;31;31;31;38;100;37240000;0;37;162.10;14;161.90;0;1;1;0;978;22;108;25;35;16;0;0;169;190;60;50;180;0;0;0;0;0;1476123;187;
14:59:26.947 ;0;44;10;1;1;0;1;0;51;130;244.92;0;21;0;170;0;0;113;0;0;0;-1;0;0;0;0;32773;4;978;162.10;162.00;162.10;162.10;162.00;162.10;162.10;162.10;162.10;161.90;162.10;162.10;162.00;162.00;162.00;162.00;162.00;161.80;161.90;162.00;162.10;162.00;162.00;162.00;162.10;162.00;162.00;0.00;0.00;0.00;0.00;0.00;36;34;33;31;30;31;32;38;100;37240000;0;37;162.10;14;161.90;0;1;1;0;978;22;170;25;35;21;0;0;169;141;60;50;180;0;0;0;0;0;1476623;187;
14:59:27.440 ;0;44;10;1;1;0;1;0;51;130;244.92;0;14;0;115;0;0;113;0;0;0;-1;0;0;0;0;32773;4100;977;162.10;162.00;162.10;162.10;162.00;162.10;162.10;162.10;162.10;161.80;162.10;162.10;162.00;162.00;162.00;162.00;161.90;161.60;161.80;162.00;162.00;162.00;162.00;162.00;162.10;162.00;162.00;0.00;0.00;0.00;0.00;0.00;30;34;33;31;29;30;32;38;100;37240000;0;37;162.10;14;161.60;0;1;1;0;978;0;115;25;35;0;0;0;169;176;60;50;180;0;0;0;0;0;1477123;187;
14:59:27.931 ;0;45;10;1;1;0;1;0;51;130;244.92;0;5;0;40;0;0;113;0;0;0;-1;0;0;0;0;32773;4;977;162.10;162.00;162.10;162.10;162.00;162.10;162.10;162.10;162.10;161.80;162.10;162.10;162.00;162.00;162.00;162.00;161.90;161.60;161.80;162.00;162.00;162.00;162.00;162.00;162.10;162.00;162.00;0.00;0.00;0.00;0.00;0.00;5;34;33;31;30;29;31;38;100;37240000;0;37;162.10;14;161.80;0;1;1;0;978;10;40;25;35;0;0;0;169;196;60;50;180;0;0;0;0;0;1477623;187;
14:59:28.476 ;0;45;10;1;1;0;1;0;51;130;244.92;0;13;0;109;0;0;113;0;0;0;-1;0;0;0;0;32773;4100;977;162.10;162.00;162.10;162.10;162.00;162.10;162.10;162.10;162.10;161.90;162.10;162.10;162.00;162.00;162.00;162.10;162.10;162.10;162.10;162.00;162.00;162.00;162.00;162.00;162.10;162.10;162.00;0.00;0.00;0.00;0.00;0.00;4;34;33;31;32;29;31;38;100;37240000;0;37;162.10;14;161.90;0;1;1;0;978;20;109;25;35;18;0;0;169;190;60;50;180;0;0;0;0;0;1478123;187;
14:59:30.459 ;0;46;10;1;1;0;1;0;51;130;244.92;0;21;0;173;0;0;113;0;0;0;-1;0;0;0;0;32773;4;978;162.10;162.00;162.10;162.10;162.00;162.10;162.10;162.10;162.10;161.90;162.10;162.10;162.00;162.00;162.00;162.10;162.00;161.90;162.00;161.90;162.00;162.00;162.00;162.00;162.10;162.10;162.00;0.00;0.00;0.00;0.00;0.00;38;34;33;31;31;31;31;38;100;37240000;0;37;162.10;14;161.90;0;1;1;0;978;31;173;25;35;18;0;0;169;141;60;50;180;0;0;0;0;0;1478623;187;
14:59:30.463 ;0;46;10;1;1;0;1;0;51;130;244.93;0;10;0;83;0;0;113;0;0;0;-1;0;0;0;0;32773;4100;977;162.10;162.00;162.10;162.10;162.00;162.10;162.10;162.10;162.10;161.90;162.10;162.10;162.00;162.00;162.00;162.00;162.00;161.90;162.00;161.90;162.00;162.00;162.00;162.00;162.10;162.10;162.00;0.00;0.00;0.00;0.00;0.00;34;34;33;31;29;31;31;38;100;37240000;0;37;162.10;14;161.90;0;1;1;0;978;60;83;25;35;0;0;0;169;191;60;50;180;0;0;0;0;0;1479123;187;
14:59:30.468 ;0;47;10;1;1;0;1;0;51;130;244.93;0;5;0;46;0;0;113;0;0;0;-1;0;0;0;0;32773;4;977;162.10;162.00;162.10;162.10;162.00;162.10;162.10;162.10;162.10;161.90;162.10;162.10;162.00;162.00;162.00;162.00;162.00;161.90;162.00;161.90;162.00;162.00;162.00;162.00;162.10;162.10;162.00;0.00;0.00;0.00;0.00;0.00;4;34;33;31;29;30;31;38;100;37240000;0;37;162.10;14;161.90;0;1;1;0;978;10;46;25;35;0;0;0;169;195;60;50;180;0;0;0;0;0;1479623;187;
14:59:30.478 ;0;47;10;1;1;0;1;0;51;130;244.93;0;0;0;1;0;0;113;0;0;0;-1;0;0;0;0;32773;4100;978;162.10;162.00;162.10;162.10;162.10;162.10;162.10;162.10;162.10;161.90;162.10;162.10;162.10;162.00;162.10;162.10;162.10;162.00;162.10;162.00;162.10;162.00;162.00;162.00;162.10;162.10;162.00;0.00;0.00;0.00;0.00;0.00;3;34;33;31;29;29;31;38;100;37240000;0;37;162.10;14;161.90;0;1;1;0;978;930;1;25;35;4;0;0;169;200;60;50;180;0;0;0;0;0;1480123;187;
14:59:30.949 ;0;48;10;1;1;0;1;0;51;130;244.93;0;16;0;128;0;0;113;0;0;0;-1;0;0;0;0;32773;4;978;162.10;162.00;162.10;162.10;162.10;162.10;162.10;162.10;162.10;161.90;162.10;162.10;162.10;162.00;162.10;162.10;162.10;162.00;162.10;162.00;162.10;162.00;162.00;162.00;162.10;162.10;162.00;0.00;0.00;0.00;0.00;0.00;10;34;33;31;31;29;31;38;100;37240000;0;37;162.10;14;161.90;0;1;1;0;978;10;128;25;35;22;0;0;169;169;60;50;180;0;0;0;0;0;1480624;187;
14:59:31.450 ;0;49;10;1;1;0;1;0;51;130;244.93;0;6;0;53;0;0;113;0;0;0;-1;0;0;0;0;32773;4100;978;162.10;162.00;162.10;162.10;162.10;162.10;162.10;162.10;162.10;161.90;162.10;162.10;162.10;162.00;162.10;162.10;162.10;162.00;162.10;162.00;162.10;162.00;162.00;162.00;162.10;162.10;162.00;0.00;0.00;0.00;0.00;0.00;4;34;33;30;31;30;31;38;100;37240000;0;37;162.10;14;161.90;0;1;1;0;978;30;53;25;35;0;0;0;169;195;60;50;180;0;0;0;0;0;1481123;187;
14:59:31.989 ;0;49;10;1;1;0;1;0;51;130;244.93;0;0;0;0;0;0;113;0;0;0;-1;0;0;0;0;32773;4;978;162.20;162.00;162.10;162.10;162.10;162.10;162.10;162.10;162.20;161.90;162.10;162.10;162.10;162.00;162.10;162.10;162.10;162.00;162.10;162.00;162.10;162.00;162.00;162.00;162.10;162.10;162.00;0.00;0.00;0.00;0.00;0.00;4;34;33;30;30;31;32;38;100;37240000;0;37;162.10;14;161.90;0;1;1;0;978;0;0;25;35;0;0;0;161;200;60;50;180;0;0;0;0;0;1481623;187;
14:59:32.436 ;0;50;10;1;1;0;1;0;51;130;244.93;0;17;0;141;0;0;113;0;0;0;-1;0;0;0;0;32773;4100;978;162.20;162.00;162.10;162.10;162.10;162.10;162.10;162.10;162.20;161.90;162.10;162.10;162.10;162.00;162.10;162.10;162.10;162.10;162.10;162.00;162.10;162.00;162.00;162.00;162.10;162.10;162.10;0.00;0.00;0.00;0.00;0.00;2;34;33;30;29;30;32;38;100;37240000;0;38;162.20;14;161.90;0;1;1;0;978;44;141;25;35;21;0;0;169;162;60;50;180;0;0;0;0;0;1482123;187;
14:59:32.929 ;0;50;10;1;1;0;1;0;51;130;244.93;0;23;0;186;0;0;113;0;0;0;-1;0;0;0;0;32773;4;978;162.20;162.00;162.00;162.10;162.10;162.10;162.10;162.10;162.20;161.90;162.10;162.10;162.10;162.00;162.10;162.10;162.10;162.10;162.10;162.00;162.10;162.00;162.00;162.00;162.00;162.00;162.00;0.00;0.00;0.00;0.00;0.00;71;34;33;31;30;29;31;38;100;37240000;0;38;162.20;14;161.90;0;1;1;0;978;44;186;25;35;0;0;0;169;135;60;50;180;0;0;0;0;0;1482623;187;
14:59:33.426 ;0;51;10;1;1;0;1;0;51;130;244.94;0;7;0;59;0;0;113;0;0;0;-1;0;0;0;0;32773;4100;978;162.10;162.00;162.00;162.00;162.10;162.10;162.10;162.10;162.20;161.90;162.10;162.10;162.10;162.00;162.10;162.10;162.10;162.10;162.10;162.00;162.00;161.90;161.90;161.90;162.00;162.00;162.00;0.00;0.00;0.00;0.00;0.00;0;34;33;31;30;29;31;38;100;37240000;0;38;162.20;14;161.90;0;1;1;0;978;41;59;25;35;0;0;0;169;194;60;50;180;0;0;0;0;0;1483124;187;
14:59:33.947 ;0;51;10;1;1;0;1;0;51;130;244.94;0;0;0;0;0;0;113;0;0;0;-1;0;0;0;0;32773;4;978;162.10;162.00;162.00;162.10;162.10;162.10;162.10;162.10;162.20;161.90;162.10;162.10;162.10;162.00;162.10;162.10;162.10;162.10;162.10;162.00;162.00;161.90;161.90;161.90;162.00;162.00;162.00;0.00;0.00;0.00;0.00;0.00;5;34;33;31;31;31;31;38;100;37240000;0;38;162.20;14;161.90;0;1;1;0;978;0;0;25;35;0;0;0;161;200;60;50;180;0;0;0;0;0;1483624;187;
14:59:34.445 ;0;52;10;1;1;0;1;0;51;130;244.94;0;16;0;130;0;0;113;0;0;0;-1;0;0;0;0;32773;4100;978;162.20;162.00;162.10;162.10;162.10;162.10;162.10;162.10;162.20;161.90;162.10;162.10;162.10;162.00;162.10;162.10;162.10;162.10;162.10;162.10;162.10;162.10;162.00;162.00;162.10;162.10;162.00;0.00;0.00;0.00;0.00;0.00;2;34;33;30;30;31;31;38;100;37240000;0;38;162.20;14;161.90;0;1;1;0;978;14;130;25;35;26;0;0;169;169;60;50;180;0;0;0;0;0;1484124;187;
14:59:34.943 ;0;52;10;1;1;0;1;0;51;130;244.94;0;6;0;51;0;0;113;0;0;0;-1;0;0;0;0;32773;4;978;162.20;162.00;162.10;162.10;162.10;162.10;162.10;162.10;162.10;161.80;162.10;162.00;162.00;162.00;162.10;162.10;162.10;162.10;162.10;162.10;162.10;162.10;162.00;162.00;162.10;162.10;162.00;0.00;0.00;0.00;0.00;0.00;6;34;33;31;29;29;31;38;100;37240000;0;38;162.20;14;161.80;0;1;1;0;978;126;51;25;35;0;0;0;169;191;60;50;180;0;0;0;0;0;1484623;187;
14:59:35.433 ;0;52;10;1;1;0;1;0;51;130;244.94;0;0;0;0;0;0;113;0;0;0;-1;0;0;0;0;32773;4100;978;162.20;162.00;162.10;162.10;162.10;162.10;162.10;162.10;162.10;161.80;162.10;162.00;162.00;162.00;162.10;162.10;162.10;162.10;162.10;162.10;162.10;162.10;162.00;162.00;162.10;162.10;162.00;0.00;0.00;0.00;0.00;0.00;4;34;33;31;29;29;31;38;100;37240000;0;38;162.20;14;161.90;0;1;1;0;978;0;0;25;35;0;0;0;169;200;60;50;180;0;0;0;0;0;1485123;187;
14:59:36.399 ;0;53;10;1;1;0;1;0;51;130;244.94;0;13;0;109;0;0;113;0;0;0;-1;0;0;0;0;32773;4;978;162.20;162.00;162.10;162.10;162.10;162.10;162.10;162.10;162.10;161.90;162.10;162.10;162.10;162.00;162.10;162.10;162.10;162.10;162.10;162.10;162.10;162.10;162.00;162.00;162.10;162.10;162.10;0.00;0.00;0.00;0.00;0.00;3;34;33;31;30;29;31;38;100;37240000;0;38;162.20;14;161.90;0;1;1;0;978;170;109;25;35;17;0;0;169;200;60;50;180;0;0;0;0;0;1485623;187;
14:59:36.435 ;0;53;10;1;1;0;1;0;51;130;244.94;0;14;0;116;0;0;113;0;0;0;-1;0;0;0;0;32773;4100;978;162.20;162.00;162.10;162.10;162.10;162.10;162.10;162.10;162.10;161.80;162.10;162.10;162.10;162.00;162.10;162.10;162.10;162.10;162.10;162.10;162.10;162.10;162.00;162.00;162.10;162.10;162.10;0.00;0.00;0.00;0.00;0.00;60;34;33;31;30;31;30;38;100;37240000;0;38;162.20;14;161.80;0;1;1;0;978;22;116;25;35;0;0;0;169;176;60;50;180;0;0;0;0;0;1486123;187;
14:59:36.944 ;0;54;10;1;1;0;1;0;51;130;244.94;0;5;0;40;0;0;113;0;0;0;-1;0;0;0;0;32773;4;978;162.20;162.00;162.10;162.10;162.10;162.10;162.10;162.10;162.10;161.80;162.10;162.10;162.10;162.00;162.10;162.10;162.10;162.10;162.10;162.10;162.10;162.10;162.00;162.00;162.10;162.10;162.10;0.00;0.00;0.00;0.00;0.00;3;34;33;30;29;31;31;38;100;37240000;0;38;162.20;14;161.80;0;1;1;0;978;31;40;25;35;0;0;0;169;196;60;50;180;0;0;0;0;0;1486623;187;
14:59:37.436 ;0;54;10;1;1;0;1;0;51;130;244.94;0;0;0;0;0;0;113;0;0;0;-1;0;0;0;0;32773;4100;978;162.20;162.00;162.10;162.10;162.10;162.10;162.10;162.10;162.10;161.90;162.10;162.10;162.10;162.00;162.10;162.10;162.10;162.10;162.10;162.10;162.10;162.10;162.00;162.00;162.10;162.10;162.10;0.00;0.00;0.00;0.00;0.00;4;34;33;30;29;30;31;38;100;37240000;0;38;162.20;14;161.90;0;1;1;0;978;0;0;25;35;0;0;0;161;200;60;50;180;0;0;0;0;0;1487123;187;
14:59:37.930 ;0;55;10;1;1;0;1;0;51;130;244.94;0;0;0;0;0;0;113;0;0;0;-1;0;0;0;0;32773;4;978;162.20;162.00;162.10;162.10;162.10;162.10;162.10;162.10;162.20;161.90;162.10;162.10;162.10;162.10;162.10;162.10;162.10;162.10;162.10;162.10;162.10;162.10;162.00;162.00;162.10;162.10;162.10;0.00;0.00;0.00;0.00;0.00;2;34;33;30;29;29;31;38;100;37240000;0;38;162.20;14;161.90;0;1;1;0;978;0;0;25;35;0;0;0;161;200;60;50;180;0;0;0;0;0;1487623;187;
14:59:38.427 ;0;55;10;1;1;0;1;0;51;130;244.94;0;0;0;0;0;0;113;0;0;0;-1;0;0;0;0;32773;4100;978;162.20;162.00;162.10;162.10;162.10;162.10;162.10;162.10;162.20;161.90;162.10;162.20;162.10;162.10;162.10;162.10;162.10;162.10;162.10;162.10;162.10;162.10;162.00;162.00;162.10;162.10;162.10;0.00;0.00;0.00;0.00;0.00;2;34;33;31;30;29;31;38;100;37240000;0;38;162.20;14;161.90;0;1;1;0;978;40;0;25;35;0;0;0;169;200;60;50;180;0;0;0;0;0;1488123;187;
14:59:38.942 ;0;56;10;1;1;0;1;0;51;130;244.94;0;7;0;62;0;0;113;0;0;0;-1;0;0;0;0;32773;4;978;162.20;162.00;162.10;162.20;162.10;162.10;162.10;162.10;162.20;162.00;162.10;162.20;162.10;162.10;162.10;162.10;162.20;162.10;162.10;162.10;162.10;162.10;162.10;162.10;162.10;162.10;162.10;0.00;0.00;0.00;0.00;0.00;6;34;33;31;30;30;31;38;100;37240000;0;38;162.20;14;162.00;0;1;1;0;978;131;62;25;35;6;0;0;169;194;60;50;180;0;0;0;0;0;1488623;187;
14:59:39.438 ;0;57;10;1;1;0;1;0;51;130;244.95;0;17;0;137;0;0;113;0;0;0;-1;0;0;0;0;32773;4100;978;162.20;162.00;162.10;162.20;162.10;162.10;162.10;162.10;162.20;162.00;162.10;162.20;162.10;162.10;162.10;162.10;162.20;162.10;162.10;162.10;162.10;162.10;162.10;162.10;162.10;162.10;162.10;0.00;0.00;0.00;0.00;0.00;21;34;33;30;30;30;31;38;100;37240000;0;38;162.20;14;162.00;0;1;1;0;978;860;137;25;35;9;0;0;169;191;60;50;180;0;0;0;0;0;1489123;187;
14:59:39.938 ;0;57;10;1;1;0;1;0;51;130;244.95;0;40;0;320;0;0;113;0;0;0;-1;0;0;0;0;32773;4;978;162.20;162.00;162.10;162.20;162.10;162.10;162.10;162.10;162.20;161.90;162.10;162.20;162.10;162.10;162.10;162.10;161.90;161.80;162.00;161.90;161.90;161.90;161.80;161.90;162.10;162.10;162.10;0.00;0.00;0.00;0.00;0.00;69;34;33;30;29;30;31;38;100;37240000;0;38;162.20;14;161.90;0;1;1;0;978;1090;320;25;35;13;0;0;169;109;60;50;180;0;0;0;0;0;1489623;187;
14:59:40.428 ;0;58;10;1;1;0;1;0;51;130;244.96;0;71;0;562;0;0;113;0;0;0;-1;0;0;0;0;32773;4100;977;162.20;162.00;162.10;162.10;162.10;162.10;162.00;162.00;162.00;161.30;161.80;161.80;161.70;161.70;161.70;161.70;161.60;161.40;161.60;161.50;161.60;161.50;161.50;161.50;161.50;161.50;161.50;0.00;0.00;0.00;0.00;0.00;145;34;33;31;29;30;31;38;100;37240000;0;38;162.20;14;161.30;0;1;1;0;976;1210;562;25;35;17;0;0;169;92;60;50;180;0;0;0;0;0;1490123;187;
14:59:40.939 ;0;58;10;1;1;0;1;0;51;130;244.97;0;109;0;863;0;0;113;0;0;0;-1;0;0;0;0;32773;4;976;161.20;161.00;161.00;161.10;161.70;161.60;161.40;161.30;161.10;159.90;160.90;160.90;160.80;160.80;160.70;160.70;160.70;160.20;160.70;160.60;160.70;160.50;160.50;160.50;160.60;160.70;161.00;0.00;0.00;0.00;0.00;0.00;378;34;33;31;30;30;31;38;100;37240000;0;28;161.20;14;159.10;0;1;1;0;973;1052;863;25;35;19;0;0;169;82;43;50;180;0;0;0;0;0;1490623;187;
14:59:41.844 ;0;59;10;1;1;0;1;0;51;130;244.99;0;142;0;1121;0;0;113;0;0;0;-1;0;0;0;0;32773;4100;973;160.50;160.30;160.30;160.30;160.40;160.30;160.20;160.10;159.60;157.50;159.50;159.50;159.50;159.50;159.50;159.50;159.80;159.00;159.80;159.70;159.80;159.60;159.60;159.60;159.70;160.00;160.20;0.00;0.00;0.00;0.00;0.00;617;34;33;30;30;30;31;38;100;37240000;0;21;160.50;13;158.30;0;1;1;0;971;920;1121;25;35;20;0;0;169;82;31;50;180;0;0;0;0;0;1491123;187;
14:59:41.933 ;0;59;10;1;1;0;1;0;51;130;245.01;0;146;0;1155;0;0;113;0;0;0;-1;0;0;0;0;32773;4;970;159.40;159.20;159.10;159.20;159.20;159.20;159.20;159.20;159.20;157.00;159.20;159.20;159.20;159.20;159.10;159.20;159.10;158.40;159.10;159.00;159.70;159.60;159.70;159.60;159.00;159.00;159.00;0.00;0.00;0.00;0.00;0.00;747;34;33;31;29;30;31;38;100;37240000;0;10;159.40;13;157.00;0;1;1;0;972;264;1155;25;35;0;0;0;169;82;30;50;180;0;0;0;0;0;1491623;187;
14:59:42.439 ;0;0;11;1;1;0;1;0;51;130;245.03;0;85;0;670;0;0;113;0;0;0;-1;0;0;0;0;32773;4100;972;159.60;159.60;159.60;159.70;159.60;159.70;159.70;159.70;159.80;158.30;159.90;159.90;160.00;160.10;160.20;160.30;160.30;160.00;160.40;160.50;160.70;160.60;160.60;160.60;159.90;159.80;159.70;0.00;0.00;0.00;0.00;0.00;-202;34;33;31;30;30;31;38;100;37240000;0;23;160.70;13;158.30;0;1;1;0;976;483;670;25;35;0;0;0;169;82;53;50;180;0;0;0;0;0;1492123;187;
14:59:42.934 ;0;0;11;1;1;0;1;0;51;130;245.03;0;39;0;310;0;0;113;0;0;0;-1;0;0;0;0;32773;4;975;162.60;162.70;162.90;162.80;162.70;162.70;162.70;162.70;161.90;161.80;161.90;162.00;162.10;162.10;162.30;162.40;162.40;162.60;162.60;162.70;162.80;162.90;162.80;162.80;162.00;162.00;161.80;0.00;0.00;0.00;0.00;0.00;-194;34;33;31;30;31;31;38;100;37240000;0;45;162.90;14;161.60;0;1;1;0;977;240;310;25;35;0;0;0;169;108;60;50;180;0;0;0;0;0;1492623;187;
14:59:43.445 ;0;1;11;1;1;0;1;0;51;130;245.04;0;29;0;231;0;0;113;0;0;0;-1;0;0;0;0;32773;4100;979;162.60;162.70;162.80;162.80;162.70;162.70;162.70;162.70;162.70;162.90;162.60;162.70;162.50;162.50;162.50;162.50;162.50;162.60;162.50;162.40;162.70;162.70;162.60;162.60;162.60;162.60;162.60;0.00;0.00;0.00;0.00;0.00;-36;34;33;30;31;30;31;38;100;37240000;0;45;162.90;14;162.60;0;1;1;0;978;152;231;25;35;0;0;0;169;125;60;50;180;0;0;0;0;0;1493123;187;
14:59:43.939 ;0;1;11;1;1;0;1;0;51;130;245.04;0;30;0;241;0;0;113;0;0;0;-1;0;0;0;0;32773;4;979;162.40;162.30;162.40;162.40;162.30;162.30;162.40;162.30;162.40;162.20;162.40;162.30;162.30;162.30;162.30;162.30;162.30;162.30;162.30;162.20;162.30;162.30;162.20;162.30;162.20;162.20;162.20;0.00;0.00;0.00;0.00;0.00;-15;34;33;31;30;29;31;38;100;37240000;0;40;162.40;14;162.20;0;1;1;0;978;480;241;25;35;5;0;0;169;128;60;50;180;0;0;0;0;0;1493623;187;
14:59:44.446 ;0;1;11;1;1;0;1;0;51;130;245.05;0;55;0;434;0;0;113;0;0;0;-1;0;0;0;0;32773;4100;978;162.20;162.10;162.10;162.20;162.10;162.10;162.10;162.10;162.20;161.90;162.20;162.10;162.10;162.10;162.10;162.10;162.10;162.10;162.10;162.00;162.10;162.10;162.00;162.00;162.00;162.00;162.00;0.00;0.00;0.00;0.00;0.00;144;34;33;31;31;30;31;38;100;37240000;0;36;162.00;14;161.60;0;1;1;0;977;900;434;25;35;11;0;0;169;98;60;50;180;0;0;0;0;0;1494123;187;
14:59:44.935 ;0;2;11;1;1;0;1;0;51;130;245.06;0;85;0;671;0;0;113;0;0;0;-1;0;0;0;0;32773;4;977;161.80;161.70;161.60;161.70;161.30;161.30;161.30;161.20;161.30;160.40;161.20;161.20;161.60;161.60;161.60;161.60;161.60;161.30;161.50;161.50;161.50;161.40;161.50;161.40;161.40;161.40;161.40;0.00;0.00;0.00;0.00;0.00;256;34;33;30;30;30;31;38;100;37240000;0;34;161.80;14;161.00;0;1;1;0;975;770;671;25;35;12;0;0;169;82;55;50;180;0;0;0;0;0;1494623;187;
14:59:45.432 ;0;2;11;1;1;0;1;0;51;130;245.07;0;110;0;868;0;0;113;0;0;0;-1;0;0;0;0;32773;4100;975;161.00;160.90;160.80;160.90;160.90;160.90;160.90;160.80;160.90;159.80;160.90;160.80;160.80;160.80;160.80;160.80;160.50;160.00;160.40;160.40;160.40;160.30;160.40;160.40;160.70;160.70;160.70;0.00;0.00;0.00;0.00;0.00;382;34;33;31;29;31;31;38;100;37240000;0;26;161.00;14;159.80;0;1;1;0;974;750;868;25;35;13;0;0;169;82;42;50;180;0;0;0;0;0;1495123;187;
14:59:45.951 ;0;3;11;1;1;0;1;0;51;130;245.09;0;133;0;1054;0;0;113;0;0;0;-1;0;0;0;0;32773;4;973;160.40;160.20;160.20;160.30;160.30;160.30;160.30;160.20;160.30;158.90;160.30;160.30;160.20;160.30;160.20;160.20;160.30;159.70;160.20;160.20;160.20;160.10;160.10;160.10;160.20;160.20;160.30;0.00;0.00;0.00;0.00;0.00;455;34;33;31;30;30;31;38;100;37240000;0;20;160.40;14;158.90;0;1;1;0;972;700;1054;25;35;14;0;0;169;82;32;50;180;0;0;0;0;0;1495623;187;
14:59:46.452 ;0;3;11;1;1;0;1;0;51;130;245.11;0;148;0;1165;0;0;113;0;0;0;-1;0;0;0;0;32773;4100;972;159.80;159.60;159.60;159.70;159.80;159.90;159.90;159.80;159.90;158.20;159.80;159.90;159.80;159.90;159.80;159.80;159.80;159.20;159.70;159.70;159.80;159.60;159.70;159.70;159.80;159.80;159.90;0.00;0.00;0.00;0.00;0.00;531;34;33;31;30;30;31;38;100;37240000;0;14;159.80;13;158.00;0;1;1;0;972;303;1165;25;35;1;0;0;169;82;30;50;180;0;0;0;0;0;1496123;187;
14:59:47.784 ;0;4;11;1;1;0;1;0;51;130;245.13;0;107;0;849;0;0;113;0;0;0;-1;0;0;0;0;32773;4;971;159.80;159.60;159.60;159.70;159.70;159.70;159.70;159.70;160.60;159.50;160.60;160.60;160.60;160.80;160.70;160.80;160.00;159.70;160.30;160.20;160.20;160.10;160.10;160.20;160.20;160.30;160.30;0.00;0.00;0.00;0.00;0.00;157;34;33;31;30;29;31;38;100;37240000;0;19;160.30;13;158.20;0;1;1;0;976;390;849;25;35;0;0;0;169;82;43;50;180;0;0;0;0;0;1496623;187;
14:59:47.786 ;0;4;11;1;1;0;1;0;51;130;245.14;0;70;0;552;0;0;113;0;0;0;-1;0;0;0;0;32773;4100;974;161.30;161.10;161.20;161.20;161.20;161.30;161.30;161.40;161.40;160.90;161.50;161.50;161.50;161.60;161.60;161.60;161.70;161.80;162.00;162.00;162.80;162.80;162.80;162.70;162.70;162.80;162.70;0.00;0.00;0.00;0.00;0.00;-201;34;33;31;30;30;31;38;100;37240000;0;36;162.00;14;160.90;0;1;1;0;978;460;552;25;35;0;0;0;169;83;57;50;180;0;0;0;0;0;1497123;187;
14:59:47.957 ;0;5;11;1;1;0;1;0;51;130;245.15;0;51;0;404;0;0;113;0;0;0;-1;0;0;0;0;32773;4;979;162.80;162.70;162.70;162.70;162.70;162.70;162.70;162.80;162.80;163.00;162.70;162.70;162.70;162.70;162.70;162.80;162.70;163.00;162.80;162.80;162.80;162.80;162.80;162.70;162.70;162.80;162.70;0.00;0.00;0.00;0.00;0.00;-120;34;33;31;30;30;31;38;100;37240000;0;46;163.00;14;162.70;0;1;1;0;979;320;404;25;35;0;0;0;169;98;60;50;180;0;0;0;0;0;1497623;187;
14:59:48.450 ;0;6;11;1;1;0;1;0;51;130;245.15;0;37;0;292;0;0;113;0;0;0;-1;0;0;0;0;32773;4100;979;162.70;162.60;162.60;162.60;162.60;162.60;162.60;162.60;162.80;162.90;162.70;162.70;162.70;162.70;162.70;162.70;162.70;162.90;162.70;162.70;162.70;162.70;162.60;162.60;162.70;162.70;162.60;0.00;0.00;0.00;0.00;0.00;-85;34;33;31;30;30;31;38;100;37240000;0;45;162.90;14;162.60;0;1;1;0;979;181;292;25;35;0;0;0;169;113;60;50;180;0;0;0;0;0;1498124;187;
14:59:48.950 ;0;6;11;1;1;0;1;0;51;130;245.16;0;12;0;102;0;0;113;0;0;0;-1;0;0;0;0;32773;4;979;162.60;162.40;162.40;162.50;162.40;162.40;162.50;162.40;162.50;162.50;162.40;162.50;162.30;162.30;162.30;162.30;162.40;162.30;162.30;162.30;162.40;162.40;162.30;162.40;162.40;162.40;162.40;0.00;0.00;0.00;0.00;0.00;-34;34;33;31;30;30;31;38;100;37240000;0;42;162.60;14;162.30;0;1;1;0;979;20;102;25;35;0;0;0;169;183;60;50;180;0;0;0;0;0;1498624;187;
14:59:49.445 ;0;7;11;1;1;0;1;0;51;130;245.16;0;6;0;49;0;0;113;0;0;0;-1;0;0;0;0;32773;4100;978;162.30;162.20;162.20;162.30;162.20;162.20;162.30;162.20;162.30;162.10;162.20;162.30;162.20;162.20;162.20;162.20;162.30;162.20;162.20;162.20;162.30;162.20;162.10;162.20;162.20;162.10;162.10;0.00;0.00;0.00;0.00;0.00;4;34;33;31;31;30;31;38;100;37240000;0;39;162.30;14;162.10;0;1;1;0;979;22;49;25;35;0;0;0;169;195;60;50;180;0;0;0;0;0;1499124;187;
14:59:49.941 ;0;7;11;1;1;0;1;0;51;130;245.16;0;0;0;0;0;0;113;0;0;0;-1;0;0;0;0;32773;4;978;162.20;162.10;162.10;162.20;162.10;162.10;162.20;162.20;162.20;161.90;162.20;162.20;162.20;162.10;162.10;162.20;162.20;162.10;162.10;162.10;162.20;162.10;162.10;162.10;162.20;162.10;162.10;0.00;0.00;0.00;0.00;0.00;3;34;33;30;31;31;31;38;100;37240000;0;38;162.20;14;161.90;0;1;1;0;979;0;0;25;35;0;0;0;161;200;60;50;180;0;0;0;0;0;1499625;187;
14:59:50.434 ;0;8;11;1;1;0;1;0;51;130;245.16;0;17;0;138;0;0;113;0;0;0;-1;0;0;0;0;32773;4100;978;162.20;162.10;162.10;162.20;162.10;162.10;162.20;162.20;162.20;161.90;162.20;162.20;162.20;162.10;162.10;162.20;162.20;162.10;162.10;162.10;162.20;162.10;162.10;162.10;162.20;162.10;162.10;0.00;0.00;0.00;0.00;0.00;2;34;33;30;30;31;31;38;100;37240000;0;38;162.20;14;161.90;0;1;1;0;979;14;138;25;35;25;0;0;169;162;60;50;180;0;0;0;0;0;1500125;187;
14:59:50.952 ;0;8;11;1;1;0;1;0;51;130;245.16;0;7;0;57;0;0;113;0;0;0;-1;0;0;0;0;32773;4;978;162.00;161.90;161.90;161.90;161.90;161.90;162.00;162.10;162.10;161.90;162.20;162.20;162.10;162.10;162.10;162.20;162.20;162.10;162.10;162.10;162.10;162.10;162.10;162.10;162.10;162.10;162.10;0.00;0.00;0.00;0.00;0.00;63;34;33;31;30;29;31;38;100;37240000;0;38;162.20;14;161.90;0;1;1;0;979;40;57;25;35;0;0;0;169;194;60;50;180;0;0;0;0;0;1500625;187;
14:59:51.442 ;0;9;11;1;1;0;1;0;51;130;245.16;0;0;0;1;0;0;113;0;0;0;-1;0;0;0;0;32773;4100;978;162.00;161.90;161.90;161.90;161.80;161.90;162.00;162.10;162.10;161.90;162.20;162.20;162.10;162.10;162.10;162.20;162.20;162.10;162.10;162.10;162.10;162.10;162.10;162.10;162.10;162.10;162.10;0.00;0.00;0.00;0.00;0.00;6;34;33;31;31;29;31;38;100;37240000;0;38;162.20;14;161.80;0;1;1;0;979;660;1;25;35;15;0;0;169;200;60;50;180;0;0;0;0;0;1501125;187;
14:59:51.940 ;0;9;11;1;1;0;1;0;51;130;245.16;0;9;0;71;0;0;113;0;0;0;-1;0;0;0;0;32773;4;978;162.00;161.90;162.00;162.00;161.90;162.00;162.00;162.10;162.10;161.90;162.10;162.10;162.10;162.10;162.10;162.10;162.10;162.10;162.10;162.00;162.00;162.00;162.00;162.00;162.00;162.00;161.90;0.00;0.00;0.00;0.00;0.00;53;34;33;31;31;30;31;38;100;37240000;0;37;162.10;14;161.90;0;1;1;0;979;160;71;25;35;0;0;0;169;176;60;50;180;0;0;0;0;0;1501625;187;
14:59:52.431 ;0;9;11;1;1;0;1;0;51;130;245.16;0;6;0;51;0;0;113;0;0;0;-1;0;0;0;0;32773;4100;977;162.00;161.90;162.00;162.00;161.90;162.00;162.00;162.10;162.10;161.90;162.10;162.10;162.10;162.10;162.10;162.10;162.10;162.10;162.10;162.00;162.00;162.00;162.00;162.00;162.00;162.00;161.90;0.00;0.00;0.00;0.00;0.00;7;34;33;30;32;30;31;38;100;37240000;0;37;162.10;14;161.90;0;1;1;0;979;0;51;25;35;0;0;0;169;195;60;50;180;0;0;0;0;0;1502126;187;
14:59:53.724 ;0;10;11;1;1;0;1;0;51;130;245.17;0;14;0;118;0;0;113;0;0;0;-1;0;0;0;0;32773;4;977;162.00;161.90;162.00;162.00;161.90;162.00;162.00;162.10;162.10;161.90;162.10;162.10;162.10;162.10;162.10;162.10;162.10;162.10;162.10;162.00;161.90;161.90;162.00;162.00;162.00;162.00;161.90;0.00;0.00;0.00;0.00;0.00;4;34;33;30;30;31;31;38;100;37240000;0;37;162.10;14;161.90;0;1;1;0;978;14;118;25;35;6;0;0;169;176;60;50;180;0;0;0;0;0;1502626;187;
14:59:53.729 ;0;10;11;1;1;0;1;0;51;130;245.17;0;5;0;47;0;0;113;0;0;0;-1;0;0;0;0;32773;4100;977;162.00;161.90;162.00;162.00;161.90;162.00;162.00;162.10;162.10;161.80;162.10;162.10;162.10;162.00;162.00;162.00;162.00;161.90;162.00;161.90;161.90;161.90;162.00;162.00;162.00;162.00;161.90;0.00;0.00;0.00;0.00;0.00;4;34;33;31;30;30;31;38;100;37240000;0;37;162.10;14;161.80;0;1;1;0;978;30;47;25;36;0;0;0;169;195;60;50;180;0;0;0;0;0;1503128;187;
14:59:53.939 ;0;11;11;1;1;0;1;0;51;130;245.17;0;16;0;133;0;0;113;0;0;0;-1;0;0;0;0;32773;4;977;162.00;161.90;162.00;162.00;161.90;162.00;162.00;162.10;162.10;161.80;162.10;162.10;162.10;162.00;162.00;162.00;162.00;161.90;162.00;161.90;161.90;161.90;162.00;162.00;162.00;162.00;161.90;0.00;0.00;0.00;0.00;0.00;5;34;33;31;30;30;31;38;100;37240000;0;37;162.10;14;161.80;0;1;1;0;978;148;133;25;36;23;0;0;169;162;60;50;180;0;0;0;0;0;1503628;187;
14:59:54.447 ;0;11;11;1;1;0;1;0;51;130;245.17;0;11;0;89;0;0;113;0;0;0;-1;0;0;0;0;32773;4100;977;162.00;161.90;162.00;162.00;161.90;162.00;162.00;162.10;162.10;161.80;162.10;162.10;162.10;162.00;162.00;162.00;161.90;161.90;161.90;161.90;161.90;161.80;161.80;162.00;162.00;162.00;162.00;0.00;0.00;0.00;0.00;0.00;80;34;33;32;31;30;31;38;100;37240000;0;37;162.10;14;161.80;0;1;1;0;978;80;89;25;36;0;0;0;169;169;60;50;180;0;0;0;0;0;1504128;187;
14:59:54.941 ;0;12;11;1;1;0;1;0;51;130;245.17;0;6;0;49;0;0;113;0;0;0;-1;0;0;0;0;32773;4;977;162.00;161.90;162.00;162.00;161.90;162.00;162.00;162.10;162.10;161.80;162.10;162.10;162.10;162.00;162.00;162.00;161.90;161.90;161.90;161.90;161.90;161.80;161.80;162.00;162.00;162.00;162.00;0.00;0.00;0.00;0.00;0.00;6;34;33;31;31;30;31;38;100;37240000;0;37;162.10;14;161.80;0;1;1;0;978;530;49;25;36;0;0;0;169;195;60;50;180;0;0;0;0;0;1504628;187;
14:59:55.453 ;0;12;11;1;1;0;1;0;51;130;245.17;0;21;0;171;0;0;113;0;0;0;-1;0;0;0;0;32773;4100;977;162.00;161.90;162.00;162.00;162.00;162.00;162.00;162.10;162.10;161.80;162.10;162.10;162.10;162.00;162.00;162.00;162.00;162.00;162.00;162.00;162.00;162.00;161.90;162.00;162.00;162.00;162.00;0.00;0.00;0.00;0.00;0.00;110;34;33;30;31;31;31;38;100;37240000;0;36;162.00;14;161.50;0;1;1;0;978;20;171;25;36;0;0;0;169;141;60;50;180;0;0;0;0;0;1505128;187;
14:59:55.959 ;0;13;11;1;1;0;1;0;51;130;245.18;0;7;0;58;0;0;113;0;0;0;-1;0;0;0;0;32773;4;977;162.00;161.90;162.00;162.00;162.00;162.00;161.90;161.90;161.90;161.50;161.90;161.90;161.80;161.80;161.80;161.90;162.00;162.00;162.00;162.00;162.00;162.00;161.90;162.00;162.00;162.00;162.00;0.00;0.00;0.00;0.00;0.00;7;34;33;30;31;30;31;38;100;37240000;0;36;162.00;14;161.50;0;1;1;0;978;30;58;25;36;0;0;0;169;194;60;50;180;0;0;0;0;0;1505628;187;
14:59:56.454 ;0;14;11;1;1;0;1;0;51;130;245.18;0;13;0;103;0;0;113;0;0;0;-1;0;0;0;0;32773;4100;977;162.00;161.90;162.00;162.00;162.00;162.00;161.90;161.90;161.90;161.50;161.90;161.90;161.80;161.80;161.80;161.90;162.00;162.00;162.00;162.00;162.00;162.00;161.90;162.00;162.00;162.00;162.00;0.00;0.00;0.00;0.00;0.00;5;34;33;31;29;30;31;38;100;37240000;0;36;162.00;14;161.50;0;1;1;0;978;224;103;25;36;20;0;0;169;183;60;50;180;0;0;0;0;0;1506128;187;
14:59:56.932 ;0;14;11;1;1;0;1;0;51;130;245.18;0;14;0;113;0;0;113;0;0;0;-1;0;0;0;0;32773;4;977;162.00;161.90;162.00;162.00;162.00;162.00;162.00;162.00;162.00;161.70;162.00;162.00;162.00;161.90;162.00;162.00;162.00;162.00;162.00;162.00;162.00;162.00;161.90;161.90;161.90;162.00;162.00;0.00;0.00;0.00;0.00;0.00;6;34;33;32;29;29;31;38;100;37240000;0;36;162.00;14;161.70;0;1;1;0;978;0;113;25;36;0;0;0;169;176;60;50;180;0;0;0;0;0;1506628;187;
14:59:57.433 ;0;15;11;1;1;0;1;0;51;130;245.18;0;5;0;47;0;0;113;0;0;0;-1;0;0;0;0;32773;4100;977;162.00;162.00;162.00;162.00;162.00;162.00;162.00;162.00;162.00;161.70;162.00;162.00;162.00;161.90;162.00;162.00;162.00;162.00;162.00;162.00;162.00;162.00;161.90;161.90;161.90;162.00;162.00;0.00;0.00;0.00;0.00;0.00;4;34;33;31;31;30;31;38;100;37240000;0;36;162.00;14;161.70;0;1;1;0;978;10;47;25;36;0;0;0;169;195;60;50;180;0;0;0;0;0;1507128;187;
14:59:57.946 ;0;15;11;1;1;0;1;0;51;130;245.18;0;18;0;145;0;0;113;0;0;0;-1;0;0;0;0;32773;4;977;162.00;162.00;162.00;162.00;162.00;162.00;162.00;162.00;162.00;161.70;162.00;162.00;162.00;162.00;162.00;162.00;162.00;162.00;162.00;162.00;162.00;162.00;162.00;162.00;162.00;162.00;162.00;0.00;0.00;0.00;0.00;0.00;4;34;33;30;31;31;31;38;100;37240000;0;36;162.00;14;161.70;0;1;1;0;978;20;145;25;36;31;0;0;169;155;60;50;180;0;0;0;0;0;1507628;187;
14:59:58.440 ;0;16;11;1;1;0;1;0;51;130;245.18;0;6;0;49;0;0;113;0;0;0;-1;0;0;0;0;32773;4100;977;162.00;162.00;162.00;162.00;162.00;162.00;162.00;162.00;162.00;161.70;162.00;162.00;162.00;162.00;162.00;162.00;162.00;162.00;162.00;162.00;162.00;162.00;162.00;162.00;162.00;162.00;161.90;0.00;0.00;0.00;0.00;0.00;12;34;33;30;30;31;32;38;100;37240000;0;36;162.00;14;161.70;0;1;1;0;978;70;49;25;36;0;0;0;169;195;60;50;180;0;0;0;0;0;1508128;187;
14:59:59.167 ;0;16;11;1;1;0;1;0;51;130;245.18;0;0;0;2;0;0;113;0;0;0;-1;0;0;0;0;32773;4;977;162.00;162.00;162.00;162.00;162.00;162.00;162.00;162.00;162.00;161.70;162.00;162.00;162.00;162.00;162.00;162.00;162.00;162.00;162.00;162.00;162.00;162.00;162.00;162.00;162.00;162.00;161.90;0.00;0.00;0.00;0.00;0.00;4;34;33;31;29;29;32;38;100;37240000;0;36;162.00;14;161.70;0;1;1;0;978;1771;2;25;36;12;0;0;169;200;60;50;180;0;0;0;0;0;1508628;187;
14:59:59.434 ;0;17;11;1;1;0;1;0;51;130;245.19;0;15;0;124;0;0;113;0;0;0;-1;0;0;0;0;32773;4100;977;161.90;161.90;161.90;162.00;162.00;162.00;162.00;162.00;162.00;161.70;162.00;162.00;162.00;162.00;162.00;162.00;162.00;162.00;162.00;162.00;162.00;162.00;162.00;162.00;162.00;162.00;162.00;0.00;0.00;0.00;0.00;0.00;40;34;33;31;29;29;31;38;100;37240000;0;36;162.00;14;161.70;0;1;1;0;978;22;124;25;36;0;0;0;169;169;60;50;180;0;0;0;0;0;1509128;187;
14:59:59.953 ;0;17;11;1;1;0;1;0;51;130;245.19;0;6;0;51;0;0;113;0;0;0;-1;0;0;0;0;32773;4;977;161.90;161.80;161.90;162.00;162.00;162.00;162.00;162.00;162.00;161.70;162.00;162.00;162.00;162.00;162.00;162.00;162.00;162.00;162.00;162.00;162.00;162.00;162.00;162.00;162.00;162.00;162.00;0.00;0.00;0.00;0.00;0.00;7;34;33;31;31;29;31;38;100;37240000;0;36;162.00;14;161.70;0;1;1;0;978;10;51;25;36;0;0;0;169;195;60;50;180;0;0;0;0;0;1509628;187;
15:00:00.441 ;0;17;11;1;1;0;1;0;51;130;245.19;0;18;0;143;0;0;113;0;0;0;-1;0;0;0;0;32773;4100;977;161.90;161.80;161.90;162.00;162.00;162.00;162.00;162.00;162.00;161.70;162.00;162.00;162.00;162.00;162.00;162.00;162.00;162.00;162.00;162.00;162.00;162.00;162.00;162.00;162.00;162.00;162.00;0.00;0.00;0.00;0.00;0.00;4;34;34;30;31;31;31;38;100;37240000;0;36;162.00;14;161.70;0;1;1;0;978;30;143;25;36;31;0;0;169;162;60;50;180;0;0;0;0;0;1510128;187;
15:00:00.944 ;0;18;11;1;1;0;1;0;51;130;245.19;0;10;0;84;0;0;113;0;0;0;-1;0;0;0;0;32773;4;977;162.00;161.90;162.00;162.00;162.00;162.00;161.90;161.90;161.90;161.40;161.90;162.00;162.00;162.00;162.00;162.00;162.00;162.00;162.00;162.00;162.00;162.00;162.00;162.00;162.00;162.00;162.00;0.00;0.00;0.00;0.00;0.00;5;34;34;30;30;31;31;38;100;37240000;0;36;162.00;14;161.40;0;1;1;0;978;10;84;25;36;0;0;0;169;191;60;50;180;0;0;0;0;0;1510628;187;
15:00:01.442 ;0;18;11;1;1;0;1;0;51;130;245.19;0;6;0;50;0;0;113;0;0;0;-1;0;0;0;0;32773;4;977;162.00;161.90;162.00;162.00;162.00;162.00;161.90;161.90;161.90;161.40;161.90;162.00;162.00;162.00;162.00;162.00;162.00;162.00;162.00;162.00;162.00;162.00;162.00;162.00;162.00;162.00;162.00;0.00;0.00;0.00;0.00;0.00;4;34;33;30;29;30;31;38;100;37240000;0;36;162.00;14;161.40;0;1;1;0;978;0;50;25;36;0;0;0;169;195;60;50;180;0;0;0;0;0;1511129;187;
15:00:01.952 ;0;19;11;1;1;0;1;0;51;130;245.19;0;17;0;141;0;0;113;0;0;0;-1;0;0;0;0;32773;4100;977;162.00;162.00;162.00;162.00;162.00;162.00;162.00;162.00;162.00;161.70;162.00;162.00;162.00;162.00;162.00;162.00;162.00;161.90;162.00;161.90;161.90;161.90;161.80;161.80;161.80;162.00;162.00;0.00;0.00;0.00;0.00;0.00;4;34;33;31;29;29;31;38;100;37240000;0;36;162.00;14;161.70;0;1;1;0;978;20;141;25;36;28;0;0;169;162;60;50;180;0;0;0;0;0;1511629;187;
15:00:02.452 ;0;19;11;1;1;0;1;0;51;130;245.19;0;5;0;41;0;0;113;0;0;0;-1;0;0;0;0;32773;4;977;162.00;162.00;162.00;162.00;162.00;162.00;162.00;162.00;162.00;161.70;162.00;162.00;162.00;162.00;162.00;162.00;162.00;161.90;162.00;161.90;161.90;161.90;161.80;161.80;161.80;162.00;162.00;0.00;0.00;0.00;0.00;0.00;3;34;33;31;31;30;31;38;100;37240000;0;36;162.00;14;161.70;0;1;1;0;978;107;41;25;36;0;0;0;169;196;60;50;180;0;0;0;0;0;1512129;187;
15:00:02.942 ;0;20;11;1;1;0;1;0;51;130;245.19;0;0;0;1;0;0;113;0;0;0;-1;0;0;0;0;32773;4100;977;162.00;162.00;162.00;162.00;162.00;162.00;162.00;162.00;162.00;161.70;162.00;162.00;162.00;162.00;162.00;162.00;162.00;161.90;162.00;161.90;161.90;161.90;161.80;161.80;161.80;162.00;162.00;0.00;0.00;0.00;0.00;0.00;4;34;33;31;31;30;31;38;100;37240000;0;36;162.00;14;161.80;0;1;1;0;978;1490;1;25;36;8;0;0;169;196;60;50;180;0;0;0;0;0;1512629;187;
15:00:03.449 ;0;20;11;1;1;0;1;0;51;130;245.20;0;17;0;135;0;0;113;0;0;0;-1;0;0;0;0;32773;4100;977;162.00;162.00;162.00;162.00;162.00;162.00;162.00;162.00;161.90;161.50;161.90;162.00;162.00;162.00;162.00;162.00;162.00;162.00;162.00;162.00;162.00;162.00;162.00;162.00;162.00;162.00;162.00;0.00;0.00;0.00;0.00;0.00;20;34;33;30;30;30;31;38;100;37240000;0;36;162.00;14;161.80;0;1;1;0;978;22;135;25;36;0;0;0;169;162;60;50;180;0;0;0;0;0;1513129;187;
15:00:03.933 ;0;21;11;1;1;0;1;0;51;130;245.20;0;6;0;54;0;0;113;0;0;0;-1;0;0;0;0;32773;4100;977;162.00;162.00;162.00;162.00;162.00;161.90;161.90;161.90;161.90;161.50;161.90;162.00;162.00;162.00;162.00;162.00;162.00;162.00;162.00;162.00;162.00;162.00;162.00;162.00;162.00;162.00;162.00;0.00;0.00;0.00;0.00;0.00;5;34;33;30;29;30;31;38;100;37240000;0;36;162.00;14;161.50;0;1;1;0;978;31;54;25;36;0;0;0;169;195;60;50;180;0;0;0;0;0;1513629;187;
15:00:05.107 ;0;22;11;1;1;0;1;0;51;130;245.20;0;0;0;1;0;0;113;0;0;0;-1;0;0;0;0;32773;4100;977;162.00;162.00;162.00;162.00;162.00;161.90;161.90;161.90;161.90;161.50;161.90;162.00;162.00;162.00;162.00;162.00;162.00;162.00;162.00;162.00;162.00;162.00;162.00;162.00;162.00;162.00;162.00;0.00;0.00;0.00;0.00;0.00;4;34;33;31;30;29;31;38;100;37240000;0;37;162.10;14;161.80;0;1;1;0;978;591;1;25;36;5;0;0;169;200;60;50;180;0;0;0;0;0;1514129;187;
15:00:05.111 ;0;22;11;1;1;0;1;0;51;130;245.20;0;11;0;94;0;0;113;0;0;0;-1;0;0;0;0;32773;4;977;162.10;162.00;162.00;162.00;162.00;162.00;162.00;162.00;162.00;161.80;162.00;162.00;162.00;162.00;162.00;162.00;162.00;162.00;162.00;162.00;162.00;162.00;162.00;162.00;162.00;162.00;162.00;0.00;0.00;0.00;0.00;0.00;8;34;33;31;30;29;31;38;100;37240000;0;37;162.10;14;161.80;0;1;1;0;978;895;94;25;36;21;0;0;169;190;60;50;180;0;0;0;0;0;1514629;187;
15:00:05.451 ;0;23;11;1;1;0;1;0;51;130;245.20;0;28;0;228;0;0;113;0;0;0;-1;0;0;0;0;32773;4100;977;162.10;162.00;162.00;162.00;162.00;162.00;162.00;162.00;162.00;161.80;162.00;162.00;162.00;162.00;162.00;162.00;162.00;162.00;162.00;162.00;162.00;162.00;162.00;162.00;162.00;162.00;162.00;0.00;0.00;0.00;0.00;0.00;31;34;33;31;30;30;31;38;100;37240000;0;37;162.10;14;161.80;0;1;1;0;978;2615;228;25;36;32;0;0;169;125;60;50;180;0;0;0;0;0;1515129;187;
15:00:05.942 ;0;23;11;1;1;0;1;0;51;130;245.21;0;52;0;411;0;0;113;0;0;0;-1;0;0;0;0;32773;4;977;161.90;161.80;161.80;161.80;161.80;161.70;161.70;161.80;162.00;161.80;162.00;162.00;162.00;162.00;162.00;162.00;162.00;162.00;162.00;162.00;162.00;162.00;162.00;162.00;162.00;161.90;161.90;0.00;0.00;0.00;0.00;0.00;171;34;33;31;30;30;31;38;100;37240000;0;36;162.00;14;161.70;0;1;1;0;977;2459;411;25;36;31;0;0;169;104;60;50;180;0;0;0;0;0;1515629;187;
15:00:06.441 ;0;24;11;1;1;0;1;0;51;130;245.22;0;84;0;667;0;0;113;0;0;0;-1;0;0;0;0;32773;4;976;160.50;160.40;160.30;160.40;161.00;161.00;160.90;161.00;161.30;160.40;161.70;162.00;162.00;162.00;162.00;162.00;162.00;162.00;162.00;162.00;162.00;162.00;162.00;162.00;162.00;161.80;161.70;0.00;0.00;0.00;0.00;0.00;221;34;33;30;30;30;31;38;100;37240000;0;36;162.00;14;160.20;0;1;1;0;975;1923;667;25;36;31;0;0;169;82;53;50;180;0;0;0;0;0;1516129;187;
15:00:06.955 ;0;24;11;1;1;0;1;0;51;130;245.24;0;132;0;1041;0;0;113;0;0;0;-1;0;0;0;0;32773;4;976;160.20;159.90;159.60;159.50;158.80;158.80;158.70;158.80;159.00;158.00;159.80;159.70;160.30;160.90;160.90;161.70;162.00;162.00;162.00;162.00;162.00;162.00;162.00;162.00;162.00;161.90;161.70;0.00;0.00;0.00;0.00;0.00;585;34;33;31;30;30;31;38;100;37240000;0;36;162.00;14;158.50;0;1;1;0;971;296;1041;25;36;32;0;0;169;82;33;50;180;0;0;0;0;0;1516629;187;
15:00:07.452 ;0;25;11;1;1;0;1;0;51;130;245.26;0;163;0;1289;0;0;113;0;0;0;-1;0;0;0;0;32773;4;973;158.60;158.10;157.70;157.70;157.50;157.50;157.40;157.40;157.80;156.00;158.50;158.40;158.90;159.60;159.60;160.40;159.40;158.70;159.30;159.20;159.00;158.70;158.60;158.50;158.20;158.10;159.00;0.00;0.00;0.00;0.00;0.00;791;34;33;30;30;30;31;38;100;37240000;0;24;160.80;13;156.00;0;1;1;0;969;250;1289;25;36;31;0;0;169;82;30;50;180;0;0;0;0;0;1517129;187;
15:00:07.934 ;0;25;11;1;1;0;1;0;51;130;245.28;0;150;0;1187;0;0;113;0;0;0;-1;0;0;0;0;32773;4;966;158.40;158.10;157.90;157.90;157.90;157.60;157.10;157.00;157.10;153.90;157.20;157.00;157.70;158.30;158.20;158.40;158.80;158.00;158.60;158.40;158.30;158.00;158.30;158.10;157.90;157.60;158.80;0.00;0.00;0.00;0.00;0.00;7;34;33;30;30;30;31;38;100;37240000;0;4;158.80;13;153.90;0;1;1;0;972;58;1187;25;36;0;0;0;169;82;30;50;180;0;0;0;0;0;1517629;187;
15:00:08.443 ;0;25;11;1;1;0;1;0;51;130;245.30;0;110;0;869;0;0;113;0;0;0;-1;0;0;0;0;32773;4;968;160.20;160.50;160.50;160.50;160.00;160.10;159.90;159.80;159.10;157.10;159.30;159.10;159.20;159.20;159.20;159.00;159.50;159.20;159.60;159.60;159.90;159.90;160.40;159.80;159.90;159.60;159.80;0.00;0.00;0.00;0.00;0.00;132;34;33;31;30;30;31;38;100;37240000;0;29;161.30;13;157.70;0;1;1;0;974;370;869;25;36;0;0;0;169;82;35;50;180;0;0;0;0;0;1518129;187;
15:00:08.947 ;0;26;11;1;1;0;1;0;51;130;245.31;0;38;0;301;0;0;113;0;0;0;-1;0;0;0;0;32773;4;973;161.20;161.40;161.20;161.10;160.00;160.60;160.70;160.70;160.70;160.00;161.10;161.40;161.70;161.90;162.10;162.00;162.20;162.70;162.50;161.80;161.70;161.50;161.30;160.50;160.50;160.30;160.50;0.00;0.00;0.00;0.00;0.00;-71;34;33;31;30;30;31;38;100;37240000;0;39;162.30;14;159.50;0;1;1;0;976;143;301;25;36;0;0;0;169;112;60;50;180;0;0;0;0;0;1518629;187;
15:00:09.451 ;0;26;11;1;1;0;1;0;51;130;245.31;0;27;0;213;0;0;113;0;0;0;-1;0;0;0;0;32773;4100;976;161.90;161.80;161.70;161.50;160.40;160.90;161.00;161.00;160.80;160.40;161.50;161.70;162.10;162.20;162.40;162.40;162.60;162.90;162.60;161.80;162.30;162.30;162.20;162.20;162.30;162.30;162.20;0.00;0.00;0.00;0.00;0.00;-29;34;33;31;30;30;31;38;100;37240000;0;45;162.90;14;160.40;0;1;1;0;977;131;213;25;36;0;0;0;169;128;60;50;180;0;0;0;0;0;1519132;187;
15:00:09.956 ;0;27;11;1;1;0;1;0;51;130;245.32;0;26;0;211;0;0;113;0;0;0;-1;0;0;0;0;32773;4100;978;162.20;162.10;162.20;162.20;161.10;161.30;161.50;161.70;162.20;162.10;162.20;162.20;162.30;162.20;162.30;162.40;162.30;162.40;162.30;162.20;162.30;162.30;162.20;162.20;162.30;162.30;162.20;0.00;0.00;0.00;0.00;0.00;-12;34;33;31;29;30;31;38;100;37240000;0;38;162.20;14;162.00;0;1;1;0;977;450;211;25;36;4;0;0;169;128;60;50;180;0;0;0;0;0;1519631;187;
15:00:11.050 ;0;27;11;1;1;0;1;0;51;130;245.32;0;49;0;390;0;0;113;0;0;0;-1;0;0;0;0;32773;4100;978;162.00;161.90;162.00;161.90;161.90;161.90;161.90;161.90;162.00;161.60;161.90;161.90;162.00;162.00;162.10;162.10;162.10;162.10;162.10;162.10;162.00;162.00;162.00;162.00;162.00;162.00;162.00;0.00;0.00;0.00;0.00;0.00;54;34;33;31;30;30;31;38;100;37240000;0;37;162.10;14;161.80;0;1;1;0;977;1160;390;25;36;13;0;0;169;102;60;50;180;0;0;0;0;0;1520132;187;
15:00:11.051 ;0;28;11;1;1;0;1;0;51;130;245.33;0;83;0;657;0;0;113;0;0;0;-1;0;0;0;0;32773;4;977;161.80;161.70;161.70;161.70;161.70;161.70;161.60;161.60;161.70;161.10;161.60;161.60;161.50;161.50;161.50;161.80;161.70;161.70;161.80;161.60;161.40;161.30;161.30;161.30;161.70;161.60;161.50;0.00;0.00;0.00;0.00;0.00;213;34;33;30;30;30;31;38;100;37240000;0;36;162.00;14;161.60;0;1;1;0;975;711;657;25;36;15;0;0;169;82;54;50;180;0;0;0;0;0;1520632;187;
15:00:11.450 ;0;28;11;1;1;0;1;0;51;130;245.34;0;42;0;331;0;0;113;0;0;0;-1;0;0;0;0;32773;4;976;160.80;160.70;160.70;160.70;160.70;160.70;160.70;160.70;160.70;159.60;160.70;161.00;161.00;161.00;161.00;161.30;161.30;161.10;161.20;161.10;160.90;160.80;160.80;160.80;161.00;160.80;160.70;0.00;0.00;0.00;0.00;0.00;432;34;33;31;30;30;31;38;100;37240000;0;29;161.30;14;159.60;0;1;1;0;977;133;331;25;36;0;0;0;169;99;60;50;180;0;0;0;0;0;1521132;187;
15:00:11.948 ;0;29;11;1;1;0;1;0;51;130;245.34;0;8;0;67;0;0;113;0;0;0;-1;0;0;0;0;32773;4;975;161.10;161.00;161.00;161.10;160.80;160.80;160.90;160.90;161.00;160.30;161.10;161.60;161.60;161.60;161.50;161.60;161.60;161.50;161.50;161.40;161.20;161.00;161.00;161.00;161.10;161.00;161.00;0.00;0.00;0.00;0.00;0.00;6;34;33;31;30;30;31;38;100;37240000;0;32;161.60;14;161.00;0;1;1;0;977;0;67;25;36;0;0;0;169;192;60;50;180;0;0;0;0;0;1521632;187;
15:00:12.449 ;0;30;11;1;1;0;1;0;51;130;245.34;0;17;0;134;0;0;113;0;0;0;-1;0;0;0;0;32773;4100;976;161.60;161.50;161.60;161.70;161.90;161.90;161.90;161.90;162.00;161.90;162.10;162.10;162.10;162.00;162.10;162.10;162.10;162.10;162.10;162.10;162.10;162.10;162.00;162.00;162.00;162.00;162.00;0.00;0.00;0.00;0.00;0.00;6;34;33;31;30;30;31;38;100;37240000;0;37;162.10;14;161.50;0;1;1;0;978;10;134;25;36;13;0;0;169;162;60;50;180;0;0;0;0;0;1522133;187;
15:00:12.950 ;0;30;11;1;1;0;1;0;51;130;245.35;0;25;0;204;0;0;113;0;0;0;-1;0;0;0;0;32773;4;977;162.00;161.90;161.90;161.90;161.90;161.90;161.90;161.90;162.00;161.80;162.00;162.00;162.00;161.90;162.00;162.00;162.00;162.00;162.00;162.00;161.90;161.90;161.80;161.80;161.80;161.80;161.80;0.00;0.00;0.00;0.00;0.00;15;34;33;31;30;30;31;38;100;37240000;0;36;162.00;14;161.80;0;1;1;0;978;41;204;25;36;0;0;0;169;132;60;50;180;0;0;0;0;0;1522633;187;
15:00:13.457 ;0;31;11;1;1;0;1;0;51;130;245.35;0;5;0;46;0;0;113;0;0;0;-1;0;0;0;0;32773;4;977;161.80;161.60;161.70;161.70;161.80;161.90;161.80;161.80;162.00;161.80;162.00;162.00;162.00;161.90;162.00;162.00;162.00;162.00;162.00;162.00;161.90;161.90;161.80;161.80;161.80;161.80;161.80;0.00;0.00;0.00;0.00;0.00;4;34;33;31;30;30;31;38;100;37240000;0;36;162.00;14;161.60;0;1;1;0;978;20;46;25;36;0;0;0;169;195;60;50;180;0;0;0;0;0;1523132;187;
15:00:13.947 ;0;31;11;1;1;0;1;0;51;130;245.35;0;0;0;0;0;0;113;0;0;0;-1;0;0;0;0;32773;4;977;161.80;161.60;161.70;161.70;161.80;161.90;161.80;161.80;162.00;161.80;162.00;162.00;162.00;161.90;162.00;162.00;162.00;162.00;162.00;162.00;161.90;161.90;161.80;161.80;161.80;161.80;161.80;0.00;0.00;0.00;0.00;0.00;4;34;33;31;31;30;31;38;100;37240000;0;36;162.00;14;161.60;0;1;1;0;978;14;0;25;36;3;0;0;169;200;60;50;180;0;0;0;0;0;1523633;187;
15:00:14.456 ;0;32;11;1;1;0;1;0;51;130;245.35;0;13;0;108;0;0;113;0;0;0;-1;0;0;0;0;32773;4;977;161.90;161.70;161.80;161.90;161.80;161.90;161.80;161.80;162.00;161.80;162.00;162.00;162.00;161.90;162.00;162.00;162.00;162.00;162.00;162.00;161.90;161.90;161.80;161.80;161.80;161.90;161.80;0.00;0.00;0.00;0.00;0.00;2;34;33;30;30;31;31;38;100;37240000;0;36;162.00;14;161.70;0;1;1;0;978;0;108;25;36;14;0;0;169;183;60;50;180;0;0;0;0;0;1524132;187;
15:00:14.940 ;0;32;11;1;1;0;1;0;51;130;245.35;0;9;0;74;0;0;113;0;0;0;-1;0;0;0;0;32773;4;977;161.90;161.70;161.80;161.90;161.80;161.90;161.80;161.80;162.00;161.80;162.00;162.00;162.00;161.90;162.00;162.00;162.00;162.00;162.00;162.00;161.90;161.90;161.80;161.80;161.80;161.90;161.80;0.00;0.00;0.00;0.00;0.00;11;34;33;31;29;30;32;38;100;37240000;0;36;162.00;14;161.70;0;1;1;0;978;80;74;25;36;0;0;0;169;192;60;50;180;0;0;0;0;0;1524633;187;
15:00:15.438 ;0;33;11;1;1;0;1;0;51;130;245.35;0;6;0;49;0;0;113;0;0;0;-1;0;0;0;0;32773;4100;977;161.90;161.70;161.80;161.90;161.80;161.90;161.80;161.80;162.00;161.80;162.00;162.00;162.00;161.90;162.00;162.00;162.00;162.00;162.00;162.00;161.90;161.90;161.80;161.80;161.80;161.90;161.80;0.00;0.00;0.00;0.00;0.00;4;34;33;31;30;29;31;38;100;37240000;0;36;162.00;14;161.70;0;1;1;0;978;0;49;25;36;0;0;0;161;195;60;50;180;0;0;0;0;0;1525133;187;
15:00:15.942 ;0;33;11;1;1;0;1;0;51;130;245.35;0;11;0;90;0;0;113;0;0;0;-1;0;0;0;0;32773;4100;977;161.90;161.80;161.80;161.90;161.80;161.90;161.80;161.80;162.00;161.80;162.00;162.00;162.00;161.90;162.00;162.00;162.00;162.00;162.00;162.00;161.90;161.90;161.80;161.80;161.80;161.90;161.80;0.00;0.00;0.00;0.00;0.00;4;34;33;31;30;30;31;38;100;37240000;0;36;162.00;14;161.80;0;1;1;0;978;126;90;25;36;15;0;0;169;190;60;50;180;0;0;0;0;0;1525633;187;
15:00:16.492 ;0;33;11;1;1;0;1;0;51;130;245.35;0;12;0;102;0;0;113;0;0;0;-1;0;0;0;0;32773;4100;977;162.00;161.80;161.90;161.90;161.80;161.90;161.80;161.80;162.00;161.80;162.00;162.00;162.00;161.90;162.00;162.00;162.00;162.00;162.00;162.00;161.90;161.90;161.80;161.80;161.90;161.90;161.90;0.00;0.00;0.00;0.00;0.00;42;34;33;30;31;30;31;38;100;37240000;0;36;162.00;14;161.80;0;1;1;0;978;10;102;25;36;0;0;0;169;183;60;50;180;0;0;0;0;0;1526133;187;
15:00:17.485 ;0;34;11;1;1;0;1;0;51;130;245.36;0;5;0;44;0;0;113;0;0;0;-1;0;0;0;0;32773;4;977;162.00;161.80;161.90;161.90;161.80;161.90;161.90;161.90;162.00;161.80;162.00;162.00;162.00;161.90;162.00;162.00;162.00;162.00;162.00;162.00;161.90;161.90;161.80;161.80;161.90;161.90;161.90;0.00;0.00;0.00;0.00;0.00;10;34;33;30;30;30;32;38;100;37240000;0;36;162.00;14;161.80;0;1;1;0;978;0;44;25;36;0;0;0;169;196;60;50;180;0;0;0;0;0;1526634;187;
15:00:17.489 ;0;34;11;1;1;0;1;0;51;130;245.36;0;0;0;0;0;0;113;0;0;0;-1;0;0;0;0;32773;4;977;162.00;161.90;161.90;161.90;161.90;161.90;161.90;161.90;162.00;161.80;162.00;162.00;162.00;161.90;162.00;162.00;162.00;162.00;162.00;162.00;161.90;161.90;161.80;161.80;161.90;161.90;161.90;0.00;0.00;0.00;0.00;0.00;3;34;33;31;29;30;32;38;100;37240000;0;36;162.00;14;161.80;0;1;1;0;978;80;0;25;36;4;0;0;169;200;60;50;180;0;0;0;0;0;1527134;187;
15:00:17.951 ;0;35;11;1;1;0;1;0;51;130;245.36;0;13;0;105;0;0;113;0;0;0;-1;0;0;0;0;32773;4;977;162.00;161.90;161.90;161.90;161.90;161.90;161.90;161.90;162.00;161.80;162.00;162.00;162.00;161.90;162.00;162.00;162.00;162.00;162.00;162.00;161.90;161.90;161.80;161.80;161.90;161.90;161.90;0.00;0.00;0.00;0.00;0.00;3;34;33;30;30;29;31;38;100;37240000;0;36;162.00;14;161.80;0;1;1;0;978;10;105;25;36;15;0;0;169;183;60;50;180;0;0;0;0;0;1527634;187;
15:00:18.450 ;0;35;11;1;1;0;1;0;51;130;245.36;0;27;0;219;0;0;113;0;0;0;-1;0;0;0;0;32773;4;977;162.00;161.90;161.90;162.00;161.90;161.90;161.90;161.90;162.00;161.70;162.00;162.00;162.00;161.90;162.00;162.00;162.00;162.00;162.00;162.00;161.90;161.90;161.80;161.80;161.90;161.90;161.90;0.00;0.00;0.00;0.00;0.00;9;34;33;31;31;29;31;38;100;37240000;0;36;162.00;14;161.70;0;1;1;0;978;1180;219;25;36;7;0;0;169;128;60;50;180;0;0;0;0;0;1528134;187;
15:00:18.943 ;0;36;11;1;1;0;1;0;51;130;245.36;0;6;0;53;0;0;113;0;0;0;-1;0;0;0;0;32773;4;977;162.00;161.90;161.90;162.00;161.90;161.90;161.90;161.90;162.00;161.70;162.00;162.00;162.00;161.90;162.00;162.00;162.00;162.00;162.00;162.00;161.90;161.90;161.80;161.80;161.90;161.80;161.70;0.00;0.00;0.00;0.00;0.00;13;34;33;31;31;31;31;38;100;37240000;0;36;162.00;14;161.70;0;1;1;0;978;80;53;25;36;0;0;0;169;195;60;50;180;0;0;0;0;0;1528634;187;
15:00:19.458 ;0;36;11;1;1;0;1;0;51;130;245.36;0;0;0;0;0;0;113;0;0;0;-1;0;0;0;0;32773;4100;977;161.80;161.70;161.70;161.70;161.70;161.70;161.90;161.90;161.90;161.70;162.00;162.00;162.00;161.90;162.00;162.00;162.00;162.00;162.00;162.00;161.90;161.90;161.80;161.80;161.90;161.80;161.70;0.00;0.00;0.00;0.00;0.00;9;34;33;30;30;32;31;38;100;37240000;0;36;162.00;14;161.70;0;1;1;0;978;0;0;25;36;0;0;0;161;200;60;50;180;0;0;0;0;0;1529134;187;
15:00:19.953 ;0;37;11;1;1;0;1;0;51;130;245.36;0;0;0;1;0;0;113;0;0;0;-1;0;0;0;0;32773;4100;977;161.80;161.70;161.70;161.70;161.70;161.70;161.90;161.90;161.90;161.70;162.00;162.00;162.00;161.90;162.00;162.00;162.00;162.00;162.00;162.00;161.90;161.90;161.80;161.80;161.90;161.80;161.80;0.00;0.00;0.00;0.00;0.00;3;34;33;30;29;31;31;38;100;37240000;0;36;162.00;14;161.70;0;1;1;0;978;740;1;25;36;11;0;0;169;200;60;50;180;0;0;0;0;0;1529634;187;
15:00:20.458 ;0;38;11;1;1;0;1;0;51;130;245.36;0;11;0;94;0;0;113;0;0;0;-1;0;0;0;0;32773;4100;977;162.00;161.90;161.90;161.90;161.90;161.90;161.90;161.90;161.90;161.70;162.00;162.00;162.00;161.90;162.00;162.00;162.00;162.00;162.00;162.00;161.90;161.90;161.90;161.80;161.90;161.90;161.90;0.00;0.00;0.00;0.00;0.00;7;34;33;30;30;30;31;38;100;37240000;0;36;162.00;14;161.70;0;1;1;0;978;1055;94;25;36;24;0;0;169;190;60;50;180;0;0;0;0;0;1530134;187;
15:00:20.952 ;0;38;11;1;1;0;1;0;51;130;245.37;0;28;0;222;0;0;113;0;0;0;-1;0;0;0;0;32773;4;977;162.00;161.90;161.90;161.90;161.90;161.90;161.90;161.90;161.90;161.70;162.00;162.00;162.00;161.90;162.00;162.00;162.00;162.00;162.00;162.00;161.90;161.90;161.90;161.80;161.90;161.90;161.90;0.00;0.00;0.00;0.00;0.00;45;34;33;31;31;30;31;38;100;37240000;0;36;162.00;14;161.40;0;1;1;0;978;2287;222;25;36;28;0;0;169;125;60;50;180;0;0;0;0;0;1530634;187;
15:00:21.440 ;0;39;11;1;1;0;1;0;51;130;245.37;0;48;0;384;0;0;113;0;0;0;-1;0;0;0;0;32773;4100;977;161.70;161.60;161.60;161.60;161.50;161.50;161.40;161.30;161.40;160.50;161.20;161.20;161.70;161.70;161.80;162.00;162.00;162.00;162.00;162.00;161.90;161.90;161.90;161.80;161.90;161.90;161.90;0.00;0.00;0.00;0.00;0.00;163;34;33;31;32;30;31;38;100;37240000;0;36;162.00;14;161.40;0;1;1;0;977;2235;384;25;36;28;0;0;169;104;60;50;180;0;0;0;0;0;1531134;187;
15:00:21.963 ;0;39;11;1;1;0;1;0;51;130;245.38;0;77;0;606;0;0;113;0;0;0;-1;0;0;0;0;32773;4100;976;161.70;161.60;161.60;161.60;161.50;161.40;161.40;161.30;161.40;160.50;161.20;161.20;160.60;160.50;160.50;161.30;162.00;161.90;162.00;162.00;161.90;161.90;161.90;161.80;161.90;161.90;161.90;0.00;0.00;0.00;0.00;0.00;243;34;33;31;31;30;31;38;100;37240000;0;36;162.00;14;160.50;0;1;1;0;975;1812;606;25;36;24;0;0;169;82;56;50;180;0;0;0;0;0;1531634;187;
15:00:22.454 ;0;40;11;1;1;0;1;0;51;130;245.39;0;45;0;357;0;0;113;0;0;0;-1;0;0;0;0;32773;4100;975;161.10;160.80;160.80;160.80;160.70;160.70;160.70;160.50;160.50;158.80;160.00;159.80;159.70;159.60;159.60;160.40;161.00;160.80;161.00;161.00;161.00;161.00;160.90;161.80;161.90;161.90;161.90;0.00;0.00;0.00;0.00;0.00;494;34;33;31;30;30;31;38;100;37240000;0;35;161.90;14;158.80;0;1;1;0;976;196;357;25;36;0;0;0;169;106;60;50;180;0;0;0;0;0;1532135;187;
15:00:23.920 ;0;40;11;1;1;0;1;0;51;130;245.39;0;8;0;63;0;0;113;0;0;0;-1;0;0;0;0;32773;4100;973;162.10;161.80;161.70;161.50;160.50;160.30;160.20;160.10;160.00;158.30;159.60;159.50;159.40;159.50;159.50;160.10;160.50;160.20;160.60;160.70;160.90;160.90;160.90;161.80;162.00;162.00;162.00;0.00;0.00;0.00;0.00;0.00;-1;34;33;31;30;30;31;38;100;37240000;0;37;162.10;14;159.70;0;1;1;0;977;136;63;25;36;0;0;0;169;194;60;50;180;0;0;0;0;0;1532635;187;
15:00:23.921 ;0;41;11;1;1;0;1;0;51;130;245.40;0;5;0;43;0;0;113;0;0;0;-1;0;0;0;0;32773;4100;975;162.10;161.80;161.70;161.50;162.00;162.00;162.00;162.00;162.00;162.00;162.00;162.00;162.00;162.00;162.00;162.00;161.40;161.40;161.60;161.60;161.80;161.80;161.80;161.90;162.00;162.10;162.10;0.00;0.00;0.00;0.00;0.00;8;34;33;31;30;30;31;38;100;37240000;0;37;162.10;14;160.40;0;1;1;0;978;0;43;25;36;0;0;0;161;196;60;50;180;0;0;0;0;0;1533135;187;
15:00:23.960 ;0;41;11;1;1;0;1;0;51;130;245.40;0;0;0;0;0;0;113;0;0;0;-1;0;0;0;0;32773;4;977;162.20;162.00;162.10;162.10;162.00;162.00;162.00;162.00;162.00;161.90;162.00;162.00;162.00;162.00;162.00;162.00;162.00;162.00;162.00;161.90;162.00;161.90;161.90;161.90;162.00;162.10;162.00;0.00;0.00;0.00;0.00;0.00;4;34;33;31;31;29;31;38;100;37240000;0;38;162.20;14;161.90;0;1;1;0;978;0;0;25;36;0;0;0;161;200;60;50;180;0;0;0;0;0;1533637;187;
15:00:24.456 ;0;42;11;1;1;0;1;0;51;130;245.40;0;0;0;0;0;0;113;0;0;0;-1;0;0;0;0;32773;4;977;162.10;162.00;162.00;162.10;162.00;162.00;162.00;162.00;162.00;161.90;162.00;162.00;162.00;162.00;162.00;162.00;162.00;162.00;162.00;161.90;162.00;161.90;161.90;161.90;162.00;162.10;162.00;0.00;0.00;0.00;0.00;0.00;2;34;33;31;30;30;31;38;100;37240000;0;37;162.10;14;161.90;0;1;1;0;978;0;0;25;36;0;0;0;161;200;60;50;180;0;0;0;0;0;1534136;187;
15:00:24.938 ;0;42;11;1;1;0;1;0;51;130;245.40;0;0;0;0;0;0;113;0;0;0;-1;0;0;0;0;32773;4;977;162.10;162.00;162.00;162.10;162.00;162.00;162.00;162.00;162.00;161.90;162.00;162.00;162.00;162.00;162.00;162.00;162.00;162.00;162.00;161.90;162.00;161.90;161.90;161.90;162.00;162.10;162.00;0.00;0.00;0.00;0.00;0.00;2;34;33;31;30;30;31;38;100;37240000;0;37;162.10;14;161.90;0;1;1;0;978;0;0;25;36;0;0;0;161;200;60;50;180;0;0;0;0;0;1534636;187;
15:00:25.458 ;0;42;11;1;1;0;1;0;51;130;245.40;0;0;0;0;0;0;113;0;0;0;-1;0;0;0;0;32773;4100;977;162.10;162.00;162.00;162.10;162.00;162.00;162.00;162.00;162.00;161.90;162.00;162.00;162.00;162.00;162.00;162.00;162.00;162.00;162.00;161.90;162.00;161.90;161.90;161.90;162.00;162.10;162.00;0.00;0.00;0.00;0.00;0.00;2;34;33;31;30;30;31;38;100;37240000;0;37;162.10;14;161.90;0;1;1;0;978;0;0;25;36;0;0;0;161;200;60;50;180;0;0;0;0;0;1535137;187;
15:00:25.941 ;0;43;11;1;1;0;1;0;51;130;245.40;0;0;0;0;0;0;113;0;0;0;-1;0;0;0;0;32773;4100;977;162.10;162.00;162.00;162.10;162.00;162.00;162.00;162.00;162.00;161.90;162.00;162.00;162.00;162.00;162.00;162.00;162.00;162.00;162.00;161.90;162.00;161.90;161.90;161.90;162.00;162.10;162.00;0.00;0.00;0.00;0.00;0.00;2;34;33;31;30;30;31;38;100;37240000;0;37;162.10;14;161.90;0;1;1;0;978;0;0;25;36;0;0;0;161;200;60;50;180;0;0;0;0;0;1535637;187;
15:00:26.456 ;0;43;11;1;1;0;1;0;51;130;245.40;0;0;0;0;0;0;113;0;0;0;-1;0;0;0;0;32773;4100;977;162.10;162.00;162.00;162.10;162.00;162.00;162.00;162.00;162.00;161.90;162.00;162.00;162.00;162.00;162.00;162.00;162.00;162.00;162.00;161.90;162.00;161.90;161.90;161.90;162.00;162.10;162.00;0.00;0.00;0.00;0.00;0.00;2;34;33;31;30;30;31;38;100;37240000;0;37;162.10;14;161.90;0;1;1;0;978;0;0;25;36;0;0;0;161;200;60;50;180;0;0;0;0;0;1536137;187;
15:00:26.956 ;0;44;11;1;1;0;1;0;51;130;245.40;0;0;0;0;0;0;113;0;0;0;-1;0;0;0;0;32773;4;977;162.10;162.00;162.00;162.10;162.00;162.00;162.00;162.00;162.00;161.90;162.00;162.00;162.00;162.00;162.00;162.00;162.00;162.00;162.00;161.90;162.00;161.90;161.90;161.90;162.00;162.10;162.00;0.00;0.00;0.00;0.00;0.00;2;34;33;31;30;30;31;38;100;37240000;0;37;162.10;14;161.90;0;1;1;0;978;0;0;25;36;0;0;0;161;200;60;50;180;0;0;0;0;0;1536637;187;
15:00:27.456 ;0;44;11;1;1;0;1;0;51;130;245.40;0;0;0;0;0;0;113;0;0;0;-1;0;0;0;0;32773;4;977;162.10;162.00;162.00;162.10;162.00;162.00;162.00;162.00;162.00;161.90;162.00;162.00;162.00;162.00;162.00;162.00;162.00;162.00;162.00;161.90;162.00;161.90;161.90;161.90;162.00;162.10;162.00;0.00;0.00;0.00;0.00;0.00;2;34;33;31;30;30;31;38;100;37240000;0;37;162.10;14;161.90;0;1;1;0;978;0;0;25;36;0;0;0;161;200;60;50;180;0;0;0;0;0;1537137;187;
15:00:27.946 ;0;45;11;1;1;0;1;0;51;130;245.40;0;0;0;0;0;0;113;0;0;0;-1;0;0;0;0;32773;4;977;162.10;162.00;162.00;162.10;162.00;162.00;162.00;162.00;162.00;161.90;162.00;162.00;162.00;162.00;162.00;162.00;162.00;162.00;162.00;161.90;162.00;161.90;161.90;161.90;162.00;162.10;162.00;0.00;0.00;0.00;0.00;0.00;2;34;33;31;30;30;31;38;100;37240000;0;37;162.10;14;161.90;0;1;1;0;978;0;0;25;36;0;0;0;161;200;60;50;180;0;0;0;0;0;1537638;187;
15:00:28.456 ;0;45;11;1;1;0;1;0;51;130;245.40;0;0;0;0;0;0;113;0;0;0;-1;0;0;0;0;32773;4;977;162.10;162.00;162.00;162.10;162.00;162.00;162.00;162.00;162.00;161.90;162.00;162.00;162.00;162.00;162.00;162.00;162.00;162.00;162.00;161.90;162.00;161.90;161.90;161.90;162.00;162.10;162.00;0.00;0.00;0.00;0.00;0.00;2;34;33;31;30;30;31;38;100;37240000;0;37;162.10;14;161.90;0;1;1;0;978;0;0;25;36;0;0;0;161;200;60;50;180;0;0;0;0;0;1538137;187;
