14:22:59.435 block0.bin: 614.73;5;0;1;0;113;12;42;61;174.60;174.30;62;0.00;126;0;0;0;0;0;0;0;0;0;0;0;1;0;0;0;0;0;0;0;0;0;1;1;0;0;0;0;1;
14:22:59.500 block1.bin: 614.74;4;0;1;0;113;11;42;61;175.00;174.50;62;0.00;126;0;0;0;0;0;0;0;0;0;0;0;1;0;0;0;0;0;0;0;0;0;1;1;0;0;0;0;1;
14:22:59.541 block2.bin: 614.74;4;0;1;0;113;11;42;61;174.60;174.30;62;0.00;126;0;0;0;0;0;0;0;0;0;0;0;1;0;0;0;0;0;0;0;0;0;1;1;0;0;0;0;1;
14:22:59.595 block3.bin: 614.74;4;0;1;0;113;11;42;61;174.60;174.20;62;0.00;126;0;0;0;0;0;0;1;0;0;0;0;1;0;0;0;1;0;0;0;0;0;1;1;0;0;1;0;1;
14:22:59.640 block4.bin: 614.74;4;0;1;0;113;0;42;61;175.10;174.60;62;0.00;124;0;0;0;0;0;0;0;0;0;0;0;1;0;0;0;1;0;0;0;0;0;1;1;0;0;0;0;1;
14:22:59.702 block5.bin: 614.75;3;0;1;0;113;0;42;60;175.70;175.10;62;0.00;125;0;0;0;0;0;0;1;0;0;0;0;1;0;1;0;1;0;0;0;0;0;1;1;0;0;1;0;1;
14:22:59.755 block6.bin: 614.75;2;0;1;0;113;1;42;60;175.60;175.20;62;0.00;124;0;0;0;0;0;0;0;0;0;0;0;1;0;0;0;1;0;0;0;0;0;1;1;0;0;0;0;1;
14:22:59.797 block7.bin: 614.75;2;0;1;0;113;11;42;60;174.80;174.40;62;0.00;125;0;0;0;0;0;0;1;0;0;0;0;1;0;0;0;1;0;0;0;0;0;1;1;0;0;1;0;1;
14:22:59.861 block8.bin: 614.75;2;0;1;0;113;0;42;60;175.00;174.50;62;0.00;127;0;0;0;0;0;0;0;0;0;0;0;1;0;0;0;0;0;0;0;0;0;1;1;0;0;0;0;1;
14:22:59.910 block9.bin: 614.75;2;0;1;0;113;0;42;60;174.60;174.10;62;0.00;127;0;0;0;0;0;0;0;0;0;0;0;1;0;0;0;0;0;0;0;0;0;1;1;0;0;0;0;1;
14:22:59.966 block10.bin: 614.75;2;0;1;0;113;0;42;60;175.10;174.90;62;0.00;127;0;0;0;0;0;0;0;0;0;0;0;1;0;0;0;0;0;0;0;0;0;1;1;0;0;0;0;1;
14:23:00.020 block11.bin: 614.75;1;0;1;0;113;0;42;60;175.30;174.90;62;0.00;127;0;0;0;0;0;0;0;0;0;0;0;1;0;0;0;0;0;0;0;0;0;1;1;0;0;0;0;1;
14:23:00.074 block12.bin: 614.76;1;0;1;0;113;0;42;60;175.20;174.90;62;0.00;128;0;0;0;0;0;0;0;0;0;0;0;1;0;0;0;0;0;0;0;0;0;1;1;0;0;0;0;1;
14:23:00.129 block13.bin: 614.76;1;0;1;0;113;49;42;60;174.80;174.40;62;0.00;128;0;0;0;0;0;0;0;0;0;0;0;1;0;0;0;0;0;0;0;0;0;1;1;0;0;0;0;1;
14:23:00.183 block14.bin: 614.76;2;0;1;0;113;99;42;59;174.00;173.50;62;0.00;128;0;0;0;0;0;0;0;0;0;0;0;1;0;0;0;0;0;0;0;0;0;1;1;0;0;0;0;1;
14:23:00.245 block15.bin: 614.76;5;0;1;0;113;76;43;59;170.30;167.90;62;0.00;127;0;0;0;0;0;0;0;0;0;0;0;1;0;0;0;0;0;0;0;0;0;1;1;0;0;0;0;1;
14:23:00.301 block16.bin: 614.76;6;0;1;0;113;14;44;60;170.40;168.40;62;0.00;126;0;0;0;0;0;0;0;0;0;0;0;1;0;0;0;0;0;0;0;0;0;1;1;0;0;0;0;1;
14:23:00.368 block17.bin: 614.77;6;0;1;0;113;16;43;60;173.40;172.90;62;0.00;126;0;0;0;0;0;0;0;0;0;0;0;1;0;0;0;0;0;0;0;0;0;1;1;0;0;0;0;1;
14:23:00.397 block18.bin: 614.77;5;0;1;0;113;16;43;60;174.20;173.60;62;0.00;126;0;0;0;0;0;0;0;0;0;0;0;1;0;0;0;0;0;0;0;0;0;1;1;0;0;0;0;1;
14:23:00.452 block19.bin: 614.77;5;0;1;0;113;17;43;60;173.90;173.50;62;0.00;126;0;0;0;0;0;0;0;0;0;0;0;1;0;0;0;0;0;0;0;0;0;1;1;0;0;0;0;1;
14:23:00.504 block20.bin: 614.78;5;0;1;0;113;17;43;61;173.90;173.50;62;0.00;126;0;0;0;0;0;0;0;0;0;0;0;1;0;0;0;0;0;0;0;0;0;1;1;0;0;0;0;1;
14:23:00.557 block21.bin: 614.78;5;0;1;0;113;8;43;61;173.90;173.50;62;0.00;126;0;0;0;0;0;0;0;0;0;0;0;1;0;0;0;0;0;0;0;0;0;1;1;0;0;0;0;1;
14:23:00.624 block22.bin: 614.78;4;0;1;0;113;0;42;61;174.80;174.30;62;0.00;126;0;0;0;0;0;0;0;0;0;0;0;1;0;0;0;0;0;0;0;0;0;1;1;0;0;0;0;1;
14:23:00.689 block23.bin: 614.78;4;0;1;0;113;11;42;61;175.40;174.80;62;0.00;126;0;0;0;0;0;0;0;0;0;0;0;1;0;0;0;0;0;0;0;0;0;1;1;0;0;0;0;1;
14:23:00.718 block24.bin: 614.79;4;0;1;0;113;4;42;61;174.30;173.80;62;0.00;126;0;0;0;0;0;0;0;0;0;0;0;1;0;0;0;0;0;0;0;0;0;1;1;0;0;0;0;1;
14:23:00.793 block25.bin: 614.79;3;0;1;0;113;0;42;61;175.50;174.70;62;0.00;126;0;0;0;0;0;0;1;0;0;0;0;1;0;0;0;1;0;0;0;0;0;1;1;0;0;1;0;1;
14:23:00.843 block26.bin: 614.79;2;0;1;0;113;0;42;61;175.50;174.90;62;0.00;123;0;0;0;0;0;0;0;0;0;0;0;1;0;0;0;1;0;0;0;0;0;1;1;0;0;1;0;1;
14:23:00.894 block27.bin: 614.79;2;0;1;0;113;0;42;61;175.40;174.90;62;0.00;125;0;0;0;0;0;0;1;0;0;0;0;1;0;0;0;1;0;0;0;0;0;1;1;0;0;1;0;1;
14:23:00.955 block28.bin: 614.79;2;0;1;0;113;16;42;61;174.80;174.50;62;0.00;123;0;0;0;0;0;0;1;0;0;0;0;1;0;0;0;1;0;0;0;0;0;1;1;0;0;1;0;1;
14:23:01.010 block29.bin: 614.80;3;0;1;0;113;41;42;61;173.80;173.30;62;0.00;125;0;0;0;0;0;0;1;0;0;0;0;1;0;0;0;1;0;0;0;0;0;1;1;0;0;0;0;1;
14:23:01.042 block30.bin: 614.80;3;0;1;0;113;41;43;61;173.10;172.20;62;0.00;124;0;0;0;0;0;0;1;0;0;0;0;1;0;0;0;1;0;0;0;0;0;1;1;0;0;1;0;1;
14:23:01.115 block31.bin: 614.80;4;0;1;0;113;23;43;61;172.70;171.80;62;0.00;124;0;0;0;0;0;0;0;0;0;0;0;1;0;0;0;1;0;0;0;0;0;1;1;0;0;0;0;1;
14:23:01.165 block32.bin: 614.80;4;0;1;0;113;15;43;61;175.00;174.50;62;0.00;124;0;0;0;0;0;0;1;0;0;0;0;1;0;0;0;1;0;0;0;0;0;1;1;0;0;1;0;1;
14:23:01.220 block33.bin: 614.80;4;0;1;0;113;40;43;61;172.80;171.90;62;0.00;123;0;0;0;0;0;0;0;0;0;0;0;1;0;0;0;1;0;0;0;0;0;1;1;0;0;0;0;1;
14:23:01.273 block34.bin: 614.81;4;0;1;0;113;0;43;61;175.00;174.30;62;0.00;125;0;0;0;0;0;0;1;0;0;0;0;1;0;0;0;1;0;0;0;0;0;1;1;0;0;1;0;1;
14:23:01.325 block35.bin: 614.81;3;0;1;0;113;0;43;61;175.40;174.80;62;0.00;123;0;0;0;0;0;0;1;0;0;0;0;1;0;0;0;1;0;0;0;0;0;1;1;0;0;1;0;1;
14:23:01.376 block36.bin: 614.81;2;0;1;0;113;0;43;61;175.50;174.80;62;0.00;125;0;0;0;0;0;0;1;0;0;0;0;1;0;0;0;1;0;0;0;0;0;1;1;0;0;0;0;1;
14:23:01.426 block37.bin: 614.81;2;0;1;0;113;0;42;61;175.40;174.80;62;0.00;124;0;0;0;0;0;0;1;0;0;0;0;1;0;0;0;1;0;0;0;0;0;1;1;0;0;1;0;1;
14:23:01.483 block38.bin: 614.81;1;0;1;0;113;0;42;61;175.10;174.80;62;0.00;125;0;0;0;0;0;0;0;0;0;0;0;1;0;0;0;1;0;0;0;0;0;1;1;0;0;0;0;1;
14:23:01.537 block39.bin: 614.81;1;0;1;0;113;0;42;61;175.10;174.60;62;0.00;125;0;0;0;0;0;0;1;0;0;0;0;1;0;1;0;1;0;0;0;0;0;1;1;0;0;1;0;1;
14:23:01.587 block40.bin: 614.81;0;0;1;0;113;0;42;61;175.00;174.60;62;0.00;125;0;0;0;0;0;0;0;0;0;0;0;1;0;1;0;1;0;0;0;0;0;1;1;0;0;0;0;1;
14:23:01.662 block41.bin: 614.81;0;0;1;0;113;0;42;61;175.00;174.60;62;0.00;127;0;0;0;0;0;0;0;0;0;0;0;1;0;1;0;1;0;0;0;0;0;1;1;0;0;0;0;1;
14:23:01.703 block42.bin: 614.81;0;0;1;0;113;0;42;61;175.00;174.60;62;0.00;128;0;0;0;0;0;0;0;0;0;0;0;1;0;1;0;0;0;0;0;0;0;1;1;0;0;0;0;1;
14:23:01.759 block43.bin: 614.81;0;0;1;0;113;0;42;60;175.00;174.60;62;0.00;128;0;0;0;0;0;0;0;0;0;0;0;1;0;0;0;0;0;0;0;0;0;1;1;0;0;0;0;1;
14:23:01.824 block44.bin: 614.81;0;0;1;0;113;0;42;60;175.00;174.60;62;0.00;128;0;0;0;0;0;0;0;0;0;0;0;1;0;1;0;0;0;0;0;0;0;1;1;0;0;0;0;1;
14:23:01.890 block45.bin: 614.81;0;0;1;0;113;0;42;60;175.00;174.60;62;0.00;128;0;0;0;0;0;0;0;0;0;0;0;1;0;1;0;0;0;0;0;0;0;1;1;0;0;0;0;1;
14:23:01.920 block46.bin: 614.81;0;0;1;0;113;0;42;60;175.00;174.70;62;0.00;128;0;0;0;0;0;0;0;0;0;0;0;1;0;1;0;0;0;0;0;0;0;1;1;0;0;0;0;1;
14:23:01.969 block47.bin: 614.81;0;0;1;0;113;0;42;60;175.00;174.70;62;0.00;128;0;0;0;0;0;0;0;0;0;0;0;1;0;0;0;0;0;0;0;0;0;1;1;0;0;0;0;1;
14:23:02.035 block48.bin: 614.81;0;0;1;0;113;17;42;60;175.00;174.70;62;0.00;128;0;0;0;0;0;0;0;0;0;0;0;1;0;0;0;0;0;0;0;0;0;1;1;0;0;0;0;1;
14:23:02.089 block49.bin: 614.82;0;0;1;0;113;33;42;60;175.00;174.70;62;0.00;128;0;0;0;0;0;0;0;0;0;0;0;1;0;0;0;0;0;0;0;0;0;1;1;0;0;0;0;1;
14:23:02.141 block50.bin: 614.82;1;0;1;0;113;99;42;60;174.60;174.20;62;0.00;128;0;0;0;0;0;0;0;0;0;0;0;1;0;0;0;0;0;0;0;0;0;1;1;0;0;0;0;1;
14:23:02.193 block51.bin: 614.82;3;0;1;0;113;0;43;60;171.60;170.00;62;0.00;127;0;0;0;0;0;0;0;0;0;0;0;1;0;0;0;0;0;0;0;0;0;1;1;0;0;0;0;1;
14:23:02.243 block52.bin: 614.82;3;0;1;0;113;27;43;60;174.20;173.90;62;0.00;127;0;0;0;0;0;0;0;0;0;0;0;1;0;0;0;0;0;0;0;0;0;1;1;0;0;0;0;1;
14:23:02.299 block53.bin: 614.82;4;0;1;0;113;28;43;60;173.50;172.70;62;0.00;127;0;0;0;0;0;0;0;0;0;0;0;1;0;0;0;0;0;0;0;0;0;1;1;0;0;0;0;1;
14:23:02.384 block54.bin: 614.82;4;0;1;0;113;10;43;60;174.00;173.60;62;0.00;127;0;0;0;0;0;0;0;0;0;0;0;1;0;0;0;0;0;0;0;0;0;1;1;0;0;0;0;1;
14:23:02.417 block55.bin: 614.83;4;0;1;0;113;9;43;60;174.50;174.00;62;0.00;127;0;0;0;0;0;0;0;0;0;0;0;1;0;0;0;0;0;0;0;0;0;1;1;0;0;0;0;1;
14:23:02.492 block56.bin: 614.83;3;0;1;0;113;0;43;60;175.10;174.50;62;0.00;127;0;0;0;0;0;0;0;0;0;0;0;1;0;0;0;0;0;0;0;0;0;1;1;0;0;0;0;1;
14:23:02.533 block57.bin: 614.83;3;0;1;0;113;0;43;60;175.40;174.90;62;0.00;127;0;0;0;0;0;0;0;0;0;0;0;1;0;0;0;0;0;0;0;0;0;1;1;0;0;0;0;1;
14:23:02.589 block58.bin: 614.83;3;0;1;0;113;12;43;60;174.80;174.40;62;0.00;127;0;0;0;0;0;0;0;0;0;0;0;1;0;0;0;0;0;0;0;0;0;1;1;0;0;0;0;1;
14:23:02.641 block59.bin: 614.83;3;0;1;0;113;29;43;60;174.50;174.20;62;0.00;126;0;0;0;0;0;0;0;0;0;0;0;1;0;0;0;0;0;0;0;0;0;1;1;0;0;0;0;1;
14:23:02.697 block60.bin: 614.84;3;0;1;0;113;16;43;60;174.10;173.60;62;0.00;126;0;0;0;0;0;0;0;0;0;0;0;1;0;0;0;0;0;0;0;0;0;1;1;0;0;0;0;1;
14:23:02.749 block61.bin: 614.84;3;0;1;0;113;5;42;61;174.40;174.00;62;0.00;126;0;0;0;0;0;0;0;0;0;0;0;1;0;0;0;0;0;0;0;0;0;1;1;0;0;0;0;1;
14:23:02.799 block62.bin: 614.84;3;0;1;0;113;0;42;60;175.00;174.50;62;0.00;126;0;0;0;0;0;0;0;0;0;0;0;1;0;0;0;0;0;0;0;0;0;1;1;0;0;0;0;1;
14:23:02.847 block63.bin: 614.84;2;0;1;0;113;6;42;60;174.70;174.50;62;0.00;127;0;0;0;0;0;0;0;0;0;0;0;1;0;0;0;0;0;0;0;0;0;1;1;0;0;0;0;1;
14:23:02.924 block64.bin: 614.84;2;0;1;0;113;7;42;60;174.80;174.50;62;0.00;127;0;0;0;0;0;0;0;0;0;0;0;1;0;0;0;0;0;0;0;0;0;1;1;0;0;0;0;1;
14:23:02.973 block65.bin: 614.84;2;0;1;0;113;15;42;60;174.70;174.40;62;0.00;127;0;0;0;0;0;0;0;0;0;0;0;1;0;0;0;0;0;0;0;0;0;1;1;0;0;0;0;1;
14:23:03.028 block66.bin: 614.85;3;0;1;0;113;19;43;60;173.70;173.00;62;0.00;127;0;0;0;0;0;0;0;0;0;0;0;1;0;0;0;0;0;0;0;0;0;1;1;0;0;0;0;1;
14:23:03.098 block67.bin: 614.85;2;0;1;0;113;0;43;60;175.50;174.80;62;0.00;127;0;0;0;0;0;0;0;0;0;0;0;1;0;0;0;0;0;0;0;0;0;1;1;0;0;0;0;1;
14:23:03.127 block68.bin: 614.85;2;0;1;0;113;0;43;60;174.80;174.60;62;0.00;127;0;0;0;0;0;0;0;0;0;0;0;1;0;0;0;0;0;0;0;0;0;1;1;0;0;0;0;1;
14:23:03.188 block69.bin: 614.85;1;0;1;0;113;0;43;60;175.20;174.70;62;0.00;127;0;0;0;0;0;0;0;0;0;0;0;1;0;0;0;0;0;0;0;0;0;1;1;0;0;0;0;1;
14:23:03.254 block70.bin: 614.85;1;0;1;0;113;0;42;60;175.10;174.70;62;0.00;128;0;0;0;0;0;0;0;0;0;0;0;1;0;0;0;0;0;0;0;0;0;1;1;0;0;0;0;1;
14:23:03.299 block71.bin: 614.85;0;0;1;0;113;0;42;60;174.90;174.60;62;0.00;128;0;0;0;0;0;0;0;0;0;0;0;1;0;0;0;0;0;0;0;0;0;1;1;0;0;0;0;1;
14:23:03.357 block72.bin: 614.85;0;0;1;0;113;0;42;60;174.90;174.50;62;0.00;128;0;0;0;0;0;0;0;0;0;0;0;1;0;1;0;0;0;0;0;0;0;1;1;0;0;0;0;1;
14:23:03.414 block73.bin: 614.85;0;0;1;0;113;0;42;59;174.90;174.60;62;0.00;128;0;0;0;0;0;0;0;0;0;0;0;1;0;1;0;0;0;0;0;0;0;1;1;0;0;0;0;1;
14:23:03.464 block74.bin: 614.85;0;0;1;0;113;0;42;59;174.90;174.60;62;0.00;128;0;0;0;0;0;0;0;0;0;0;0;1;0;1;0;0;0;0;0;0;0;1;1;0;0;0;0;1;
14:23:03.512 block75.bin: 614.85;0;0;1;0;113;0;42;59;174.90;174.60;62;0.00;128;0;0;0;0;0;0;0;0;0;0;0;1;0;0;0;0;0;0;0;0;0;1;1;0;0;0;0;1;
14:23:03.590 block76.bin: 614.85;0;0;1;0;113;0;42;59;174.90;174.60;62;0.00;128;0;0;0;0;0;0;0;0;0;0;0;1;0;0;0;0;0;0;0;0;0;1;1;0;0;0;0;1;
14:23:03.643 block77.bin: 614.85;0;0;1;0;113;0;42;59;175.00;174.60;62;0.00;128;0;0;0;0;0;0;0;0;0;0;0;1;0;0;0;0;0;0;0;0;0;1;1;0;0;0;0;1;
14:23:03.700 block78.bin: 614.85;0;0;1;0;113;0;42;59;175.00;174.60;62;0.00;128;0;0;0;0;0;0;0;0;0;0;0;1;0;0;0;0;0;0;0;0;0;1;1;0;0;0;0;1;
14:23:03.756 block79.bin: 614.85;0;0;1;0;113;0;42;59;175.00;174.60;62;0.00;128;0;0;0;0;0;0;0;0;0;0;0;1;0;0;0;0;0;0;0;0;0;1;1;0;0;0;0;1;
14:23:03.794 block80.bin: 614.85;0;0;1;0;113;0;42;58;175.00;174.60;62;0.00;128;0;0;0;0;0;0;0;0;0;0;0;1;0;0;0;0;0;0;0;0;0;1;1;0;0;0;0;1;
14:23:03.868 block81.bin: 614.85;0;0;1;0;113;0;42;58;175.00;174.70;62;0.00;128;0;0;0;0;0;0;0;0;0;0;0;1;0;0;0;0;0;0;0;0;0;1;1;0;0;0;0;1;
14:23:03.962 block83.bin: 613.69;4;0;1;0;113;12;35;39;180.80;180.30;66;0.00;129;0;0;0;0;0;0;0;0;0;0;0;1;0;0;0;0;0;0;0;0;0;1;1;0;0;0;0;1;
14:23:04.022 block84.bin: 613.69;4;0;1;0;113;7;35;39;180.10;179.60;66;0.00;129;0;0;0;0;0;0;0;0;0;0;0;1;0;0;0;0;0;0;0;0;0;1;1;0;0;0;0;1;
14:23:04.074 block85.bin: 613.69;4;0;1;0;113;5;35;39;180.10;179.60;66;0.00;129;0;0;0;0;0;0;0;0;0;0;0;1;0;0;0;0;0;0;0;0;0;1;1;0;0;0;0;1;
14:23:04.129 block86.bin: 613.70;3;0;1;0;113;9;35;40;180.40;179.90;66;0.00;129;0;0;0;0;0;0;0;0;0;0;0;1;0;0;0;0;0;0;0;0;0;1;1;0;0;0;0;1;
14:23:04.182 block87.bin: 613.70;3;0;1;0;113;5;35;40;180.10;179.70;66;0.00;129;0;0;0;0;0;0;0;0;0;0;0;1;0;0;0;0;0;0;0;0;0;1;1;0;0;0;0;1;
14:23:04.258 block88.bin: 613.70;3;0;1;0;113;0;35;40;180.20;179.70;66;0.00;129;0;0;0;0;0;0;0;0;0;0;0;1;0;0;0;0;0;0;0;0;0;1;1;0;0;0;0;1;
14:23:04.310 block89.bin: 613.70;3;0;1;0;113;7;35;40;180.40;179.90;66;0.00;125;0;0;0;0;0;0;0;0;0;0;0;1;0;0;0;1;0;0;0;0;0;1;1;0;0;0;0;1;
14:23:04.366 block90.bin: 613.70;3;0;1;0;113;0;35;40;180.40;179.90;66;0.00;127;0;0;0;0;0;0;1;0;0;0;0;1;0;0;0;1;0;0;0;0;0;1;1;0;0;1;0;1;
14:23:04.419 block91.bin: 613.70;2;0;1;0;113;4;35;40;180.80;180.20;66;0.00;126;0;0;0;0;0;0;0;0;0;0;0;1;0;0;0;1;0;0;0;0;0;1;1;0;0;0;0;1;
14:23:04.460 block92.bin: 613.71;3;0;1;0;113;65;35;40;179.40;178.20;66;0.00;127;0;0;0;0;0;0;1;0;0;0;0;1;0;0;0;1;0;0;0;0;0;1;1;0;0;1;0;1;
14:23:04.526 block93.bin: 613.71;4;0;1;0;113;47;36;40;176.30;174.60;66;0.00;126;0;0;0;0;0;0;0;0;0;0;0;1;0;0;0;1;0;0;0;0;0;1;1;0;0;1;0;1;
14:23:04.585 block94.bin: 613.71;5;0;1;0;113;99;36;40;177.20;175.60;66;0.00;129;0;0;0;0;0;0;0;0;0;0;0;1;0;0;0;0;0;0;0;0;0;1;1;0;0;0;0;1;
14:23:04.652 block95.bin: 613.71;6;0;1;0;113;0;36;41;175.90;174.10;66;0.00;129;0;0;0;0;0;0;0;0;0;0;0;1;0;0;0;0;0;0;0;0;0;1;1;0;0;0;0;1;
14:23:04.685 block96.bin: 613.72;6;0;1;0;113;16;36;41;179.90;179.40;66;0.00;129;0;0;0;0;0;0;0;0;0;0;0;1;0;0;0;0;0;0;0;0;0;1;1;0;0;0;0;1;
14:23:04.763 block97.bin: 613.72;5;0;1;0;113;10;36;41;179.00;178.40;66;0.00;129;0;0;0;0;0;0;0;0;0;0;0;1;0;0;0;0;0;0;0;0;0;1;1;0;0;0;0;1;
14:23:04.817 block98.bin: 613.72;5;0;1;0;113;1;36;41;180.40;179.90;66;0.00;129;0;0;0;0;0;0;0;0;0;0;0;1;0;0;0;0;0;0;0;0;0;1;1;0;0;0;0;1;
14:23:04.870 block99.bin: 613.73;4;0;1;0;113;0;35;42;180.00;179.60;66;0.00;129;0;0;0;0;0;0;0;0;0;0;0;1;0;0;0;0;0;0;0;0;0;1;1;0;0;0;0;1;
14:23:04.923 block100.bin: 613.73;4;0;1;0;113;10;35;42;180.50;180.10;66;0.00;127;0;0;0;0;0;0;1;0;0;0;0;1;0;0;0;1;0;0;0;0;0;1;1;0;0;1;0;1;
14:23:04.971 block101.bin: 613.73;4;0;1;0;113;4;35;42;179.80;179.30;66;0.00;126;0;0;0;0;0;0;0;0;0;0;0;1;0;0;0;1;0;0;0;0;0;1;1;0;0;0;0;1;
14:23:05.027 block102.bin: 613.73;3;0;1;0;113;0;35;42;180.30;179.80;66;0.00;127;0;0;0;0;0;0;1;0;0;0;0;1;0;0;0;1;0;0;0;0;0;1;1;0;0;1;0;1;
14:23:05.080 block103.bin: 613.74;2;0;1;0;113;10;36;42;180.80;180.30;66;0.00;126;0;0;0;0;0;0;0;0;0;0;0;1;0;0;0;1;0;0;0;0;0;1;1;0;0;0;0;1;
14:23:05.138 block104.bin: 613.74;2;0;1;0;113;12;36;42;180.10;179.60;66;0.00;127;0;0;0;0;0;0;1;0;0;0;0;1;0;0;0;1;0;0;0;0;0;1;1;0;0;1;0;1;
14:23:05.190 block105.bin: 613.74;3;0;1;0;113;39;36;42;179.30;178.50;66;0.00;126;0;0;0;0;0;0;0;0;0;0;0;1;0;0;0;1;0;0;0;0;0;1;1;0;0;1;0;1;
14:23:05.250 block106.bin: 613.74;4;0;1;0;113;81;36;42;176.00;173.90;66;0.00;127;0;0;0;0;0;0;1;0;0;0;0;1;0;0;0;1;0;0;0;0;0;1;1;0;0;1;0;1;
14:23:05.312 block107.bin: 613.74;6;0;1;0;113;99;37;43;174.50;171.70;66;0.00;126;0;0;0;0;0;0;1;0;0;0;0;1;0;0;0;1;0;0;0;0;0;1;1;0;0;1;0;1;
14:23:05.370 block108.bin: 613.75;7;0;1;0;113;81;37;43;174.20;171.60;66;0.00;127;0;0;0;0;0;0;1;0;0;0;0;1;0;0;0;1;0;0;0;0;0;1;1;0;0;0;0;1;
14:23:05.438 block109.bin: 613.75;7;0;1;0;113;0;37;43;179.00;178.20;66;0.00;126;0;0;0;0;0;0;1;0;0;0;0;1;0;0;0;1;0;0;0;0;0;1;1;0;0;1;0;1;
14:23:05.493 block110.bin: 613.76;6;0;1;0;113;0;37;44;179.70;179.20;66;0.00;126;0;0;0;0;0;0;0;0;0;0;0;1;0;0;0;1;0;0;0;0;0;1;1;0;0;0;0;1;
14:23:05.546 block111.bin: 613.76;5;0;1;0;113;0;36;44;179.90;179.50;66;0.00;127;0;0;0;0;0;0;1;0;0;0;0;1;0;0;0;1;0;0;0;0;0;1;1;0;0;1;0;1;
14:23:05.599 block112.bin: 613.76;5;0;1;0;113;21;36;44;180.00;179.50;66;0.00;129;0;0;0;0;0;0;0;0;0;0;0;1;0;0;0;0;0;0;0;0;0;1;1;0;0;0;0;1;
14:23:05.656 block113.bin: 613.77;5;0;1;0;113;0;36;45;178.60;177.90;66;0.00;129;0;0;0;0;0;0;0;0;0;0;0;1;0;0;0;0;0;0;0;0;0;1;1;0;0;0;0;1;
14:23:05.723 block114.bin: 613.77;4;0;1;0;113;0;36;45;180.20;179.70;66;0.00;129;0;0;0;0;0;0;0;0;0;0;0;1;0;0;0;0;0;0;0;0;0;1;1;0;0;0;0;1;
14:23:05.775 block115.bin: 613.77;4;0;1;0;113;0;36;45;180.30;179.80;66;0.00;129;0;0;0;0;0;0;0;0;0;0;0;1;0;0;0;0;0;0;0;0;0;1;1;0;0;0;0;1;
14:23:05.832 block116.bin: 613.77;3;0;1;0;113;0;36;45;180.30;179.80;66;0.00;129;0;0;0;0;0;0;0;0;0;0;0;1;0;0;0;0;0;0;0;0;0;1;1;0;0;0;0;1;
14:23:05.884 block117.bin: 613.78;3;0;1;0;113;2;36;46;180.20;179.60;66;0.00;129;0;0;0;0;0;0;0;0;0;0;0;1;0;0;0;0;0;0;0;0;0;1;1;0;0;0;0;1;
14:23:05.937 block118.bin: 613.78;3;0;1;0;113;0;36;46;179.20;178.60;66;0.00;129;0;0;0;0;0;0;1;0;0;0;0;1;0;0;0;1;0;0;0;0;0;1;1;0;0;1;0;1;
14:23:06.008 block119.bin: 613.78;3;0;1;0;113;0;36;46;180.40;179.80;66;0.00;126;0;0;0;0;0;0;0;0;0;0;0;1;0;0;0;1;0;0;0;0;0;1;1;0;0;0;0;1;
14:23:06.060 block120.bin: 613.78;2;0;1;0;113;0;36;46;180.50;179.90;66;0.00;127;0;0;0;0;0;0;1;0;0;0;0;1;0;0;0;1;0;0;0;0;0;1;1;0;0;1;0;1;
14:23:06.127 block121.bin: 613.78;2;0;1;0;113;3;36;46;180.20;179.80;66;0.00;126;0;0;0;0;0;0;0;0;0;0;0;1;0;0;0;1;0;0;0;0;0;1;1;0;0;0;0;1;
14:23:06.157 block122.bin: 613.78;2;0;1;0;113;23;36;46;180.00;179.50;66;0.00;127;0;0;0;0;0;0;1;0;0;0;0;1;0;0;0;1;0;0;0;0;0;1;1;0;0;1;0;1;
14:23:06.222 block123.bin: 613.78;2;0;1;0;113;23;36;46;179.30;178.60;66;0.00;125;0;0;0;0;0;0;0;0;0;0;0;1;0;0;0;1;0;0;0;0;0;1;1;0;0;1;0;1;
14:23:06.268 block124.bin: 613.79;3;0;1;0;113;56;37;46;178.00;176.70;66;0.00;127;0;0;0;0;0;0;0;0;0;0;0;1;0;0;0;1;0;0;0;0;0;1;1;0;0;0;0;1;
14:23:06.327 block125.bin: 613.79;4;0;1;0;113;40;37;46;176.50;174.80;66;0.00;128;0;0;0;0;0;0;0;0;0;0;0;1;0;0;0;0;0;0;0;0;0;1;1;0;0;0;0;1;
14:23:06.383 block126.bin: 613.79;5;0;1;0;113;32;37;46;176.70;174.50;66;0.00;128;0;0;0;0;0;0;0;0;0;0;0;1;0;0;0;0;0;0;0;0;0;1;1;0;0;0;0;1;
14:23:06.442 block127.bin: 613.80;5;0;1;0;113;0;37;46;179.50;179.00;66;0.00;128;0;0;0;0;0;0;0;0;0;0;0;1;0;0;0;0;0;0;0;0;0;1;1;0;0;0;0;1;
14:23:06.496 block128.bin: 613.80;5;0;1;0;113;19;37;47;177.10;175.70;66;0.00;128;0;0;0;0;0;0;0;0;0;0;0;1;0;0;0;0;0;0;0;0;0;1;1;0;0;0;0;1;
14:23:06.571 block129.bin: 613.80;5;0;1;0;113;0;37;47;178.80;178.40;66;0.00;128;0;0;0;0;0;0;0;0;0;0;0;1;0;0;0;0;0;0;0;0;0;1;1;0;0;0;0;1;
14:23:06.623 block130.bin: 613.80;4;0;1;0;113;0;37;47;179.90;179.50;66;0.00;128;0;0;0;0;0;0;0;0;0;0;0;1;0;1;0;0;0;0;0;0;0;1;1;0;0;0;0;1;
14:23:06.675 block131.bin: 613.81;3;0;1;0;113;11;37;47;180.10;179.60;66;0.00;127;0;0;0;0;0;0;0;0;0;0;0;1;0;0;0;1;0;0;0;0;0;1;1;0;0;0;0;1;
14:23:06.729 block132.bin: 613.81;2;0;1;0;113;0;37;47;180.10;179.60;66;0.00;126;0;0;0;0;0;0;1;0;0;0;0;1;0;0;0;1;0;0;0;0;0;1;1;0;0;1;0;1;
14:23:06.801 block133.bin: 613.81;2;0;1;0;113;30;37;47;179.10;178.50;66;0.00;126;0;0;0;0;0;0;0;0;0;0;0;1;0;0;0;1;0;0;0;0;0;1;1;0;0;0;0;1;
14:23:06.868 block134.bin: 613.81;3;0;1;0;113;25;37;47;178.70;178.10;66;0.00;127;0;0;0;0;0;0;1;0;0;0;0;1;0;0;0;1;0;0;0;0;0;1;1;0;0;1;0;1;
14:23:06.933 block135.bin: 613.81;3;0;1;0;113;27;37;48;178.40;177.70;66;0.00;126;0;0;0;0;0;0;0;0;0;0;0;1;0;0;0;1;0;0;0;0;0;1;1;0;0;1;0;1;
14:23:06.957 block136.bin: 613.82;4;0;1;0;113;52;37;48;176.70;175.20;66;0.00;127;0;0;0;0;0;0;0;0;0;0;0;1;0;0;0;1;0;0;0;0;0;1;1;0;0;0;0;1;
14:23:07.034 block137.bin: 613.82;4;0;1;0;113;13;38;48;179.00;178.00;66;0.00;128;0;0;0;0;0;0;0;0;0;0;0;1;0;0;0;0;0;0;0;0;0;1;1;0;0;0;0;1;
14:23:07.084 block138.bin: 613.82;4;0;1;0;113;0;37;48;178.20;177.40;66;0.00;128;0;0;0;0;0;0;0;0;0;0;0;1;0;0;0;0;0;0;0;0;0;1;1;0;0;0;0;1;
14:23:07.135 block139.bin: 613.82;4;0;1;0;113;5;37;48;179.30;178.80;66;0.00;128;0;0;0;0;0;0;0;0;0;0;0;1;0;0;0;0;0;0;0;0;0;1;1;0;0;0;0;1;
14:23:07.185 block140.bin: 613.83;4;0;1;0;113;0;37;48;179.10;178.60;66;0.00;128;0;0;0;0;0;0;0;0;0;0;0;1;0;0;0;0;0;0;0;0;0;1;1;0;0;0;0;1;
14:23:07.251 block141.bin: 613.83;4;0;1;0;113;11;37;48;179.30;178.80;66;0.00;128;0;0;0;0;0;0;0;0;0;0;0;1;0;0;0;0;0;0;0;0;0;1;1;0;0;0;0;1;
14:23:07.298 block142.bin: 613.83;4;0;1;0;113;7;37;48;179.00;178.50;66;0.00;128;0;0;0;0;0;0;0;0;0;0;0;1;0;0;0;0;0;0;0;0;0;1;1;0;0;0;0;1;
14:23:07.374 block143.bin: 613.83;3;0;1;0;113;7;37;48;179.00;178.60;66;0.00;128;0;0;0;0;0;0;0;0;0;0;0;1;0;0;0;0;0;0;0;0;0;1;1;0;0;0;0;1;
14:23:07.431 block144.bin: 613.83;3;0;1;0;113;9;37;48;179.20;178.80;66;0.00;128;0;0;0;0;0;0;0;0;0;0;0;1;0;0;0;0;0;0;0;0;0;1;1;0;0;0;0;1;
14:23:07.488 block145.bin: 613.84;3;0;1;0;113;21;37;48;179.10;178.70;66;0.00;128;0;0;0;0;0;0;0;0;0;0;0;1;0;0;0;0;0;0;0;0;0;1;1;0;0;0;0;1;
14:23:07.542 block146.bin: 613.84;4;0;1;0;113;15;37;48;178.20;177.50;66;0.00;128;0;0;0;0;0;0;0;0;0;0;0;1;0;0;0;0;0;0;0;0;0;1;1;0;0;0;0;1;
14:23:07.596 block147.bin: 613.84;5;0;1;0;113;59;38;48;174.70;172.00;66;0.00;128;0;0;0;0;0;0;0;0;0;0;0;1;0;0;0;0;0;0;0;0;0;1;1;0;0;0;0;1;
14:23:07.649 block148.bin: 613.84;5;0;1;0;113;0;38;48;178.40;177.40;66;0.00;128;0;0;0;0;0;0;0;0;0;0;0;1;0;0;0;0;0;0;0;0;0;1;1;0;0;0;0;1;
14:23:07.707 block149.bin: 613.85;4;0;1;0;113;0;38;48;179.60;179.10;66;0.00;127;0;0;0;0;0;0;1;0;0;0;0;1;0;0;0;1;0;0;0;0;0;1;1;0;0;1;0;1;
14:23:07.769 block150.bin: 613.85;4;0;1;0;113;0;38;48;179.80;179.30;66;0.00;125;0;0;0;0;0;0;1;0;0;0;0;1;0;0;0;1;0;0;0;0;0;1;1;0;0;1;0;1;
14:23:07.823 block151.bin: 613.85;3;0;1;0;113;0;38;49;179.90;179.40;66;0.00;127;0;0;0;0;0;0;1;0;0;0;0;1;0;0;0;1;0;0;0;0;0;1;1;0;0;0;0;1;
14:23:07.880 block152.bin: 613.85;2;0;1;0;113;25;38;49;179.60;179.00;66;0.00;125;0;0;0;0;0;0;1;0;0;0;0;1;0;0;0;1;0;0;0;0;0;1;1;0;0;1;0;1;
14:23:07.931 block153.bin: 613.86;3;0;1;0;113;18;38;49;178.70;178.10;66;0.00;127;0;0;0;0;0;0;0;0;0;0;0;1;0;0;0;1;0;0;0;0;0;1;1;0;0;0;0;1;
14:23:08.006 block154.bin: 613.86;2;0;1;0;113;49;38;49;179.00;178.50;66;0.00;126;0;0;0;0;0;0;1;0;0;0;0;1;0;0;0;1;0;0;0;0;0;1;1;0;0;1;0;1;
14:23:08.057 block155.bin: 613.86;4;0;2;0;114;99;38;49;176.40;174.00;66;0.00;127;0;0;0;0;0;0;0;0;0;0;0;1;0;0;0;1;0;0;0;0;0;1;1;0;0;0;0;1;
14:23:08.112 block156.bin: 613.86;6;0;2;0;114;1;39;49;172.60;169.00;66;0.00;126;0;0;0;0;0;0;1;0;0;0;0;1;0;0;0;1;0;0;0;0;0;1;1;0;0;1;0;1;
14:23:08.167 block157.bin: 613.87;5;0;2;0;114;41;39;49;179.00;178.60;66;0.00;128;0;0;0;0;0;0;0;0;0;0;0;1;0;0;0;0;0;0;0;0;0;1;1;0;0;0;0;1;
14:23:08.224 block158.bin: 613.87;6;0;1;0;114;0;39;50;174.90;173.30;66;0.00;128;0;0;0;0;0;0;0;0;0;0;0;1;0;0;0;0;0;0;0;0;0;1;1;0;0;0;0;1;
14:23:08.282 block159.bin: 613.87;6;0;1;0;113;12;38;50;177.90;177.30;66;0.00;128;0;0;0;0;0;0;0;0;0;0;0;1;0;0;0;0;0;0;0;0;0;1;1;0;0;0;0;1;
14:23:08.349 block160.bin: 613.88;5;0;1;0;113;12;38;50;178.70;178.20;66;0.00;128;0;0;0;0;0;0;0;0;0;0;0;1;0;0;0;0;0;0;0;0;0;1;1;0;0;0;0;1;
14:23:08.403 block161.bin: 613.88;5;0;1;0;113;0;38;51;178.20;177.70;66;0.00;128;0;0;0;0;0;0;1;0;0;0;0;1;0;0;0;1;0;0;0;0;0;1;1;0;0;1;0;1;
14:23:08.458 block162.bin: 613.88;4;0;1;0;113;0;38;51;179.20;178.80;66;0.00;125;0;0;0;0;0;0;1;0;0;0;0;1;0;1;0;1;0;0;0;0;0;1;1;0;0;1;0;1;
14:23:08.511 block163.bin: 613.88;4;0;1;0;113;0;38;51;179.40;179.00;66;0.00;127;0;0;0;0;0;0;0;0;0;0;0;1;0;0;0;1;0;0;0;0;0;1;1;0;0;0;0;1;
14:23:08.574 block164.bin: 613.89;3;0;1;0;113;9;38;51;179.30;178.70;66;0.00;125;0;0;0;0;0;0;1;0;0;0;0;1;0;0;0;1;0;0;0;0;0;1;1;0;0;1;0;1;
14:23:08.627 block165.bin: 613.89;3;0;1;0;113;30;38;51;178.70;178.30;66;0.00;127;0;0;0;0;0;0;0;0;0;0;0;1;0;0;0;1;0;0;0;0;0;1;1;0;0;0;0;1;
14:23:08.699 block166.bin: 613.89;4;0;1;0;113;30;38;51;177.50;176.60;66;0.00;126;0;0;0;0;0;0;1;0;0;0;0;1;0;0;0;1;0;0;0;0;0;1;1;0;0;1;0;1;
14:23:08.748 block167.bin: 613.89;4;0;1;0;113;21;38;51;177.30;176.50;66;0.00;126;0;0;0;0;0;0;0;0;0;0;0;1;0;0;0;1;0;0;0;0;0;1;1;0;0;0;0;1;
14:23:08.802 block168.bin: 613.90;5;0;1;0;113;14;38;52;177.60;176.90;66;0.00;128;0;0;0;0;0;0;0;0;0;0;0;1;0;0;0;0;0;0;0;0;0;1;1;0;0;0;0;1;
14:23:08.856 block169.bin: 613.90;5;0;1;0;113;69;38;52;175.80;173.40;66;0.00;128;0;0;0;0;0;0;0;0;0;0;0;1;0;0;0;0;0;0;0;0;0;1;1;0;0;0;0;1;
14:23:08.914 block170.bin: 613.90;5;0;1;0;113;5;39;52;178.00;177.40;66;0.00;128;0;0;0;0;0;0;0;0;0;0;0;1;0;0;0;0;0;0;0;0;0;1;1;0;0;0;0;1;
14:23:08.979 block171.bin: 613.91;5;0;1;0;113;3;38;52;178.20;177.80;66;0.00;128;0;0;0;0;0;0;0;0;0;0;0;1;0;0;0;0;0;0;0;0;0;1;1;0;0;0;0;1;
14:23:09.042 block172.bin: 613.91;5;0;1;0;113;0;38;52;178.70;178.30;66;0.00;128;0;0;0;0;0;0;0;0;0;0;0;1;0;0;0;0;0;0;0;0;0;1;1;0;0;0;0;1;
14:23:09.113 block173.bin: 613.91;4;0;1;0;113;0;38;52;179.30;178.80;66;0.00;127;0;0;0;0;0;0;0;0;0;0;0;1;0;0;0;1;0;0;0;0;0;1;1;0;0;0;0;1;
14:23:09.162 block174.bin: 613.91;3;0;1;0;113;21;38;52;179.40;178.90;66;0.00;125;0;0;0;0;0;0;1;0;0;0;0;1;0;0;0;1;0;0;0;0;0;1;1;0;0;1;0;1;
14:23:09.216 block175.bin: 613.92;2;0;1;0;113;0;38;52;178.90;178.50;66;0.00;127;0;0;0;0;0;0;0;0;0;0;0;1;0;0;0;1;0;0;0;0;0;1;1;0;0;0;0;1;
14:23:09.268 block176.bin: 613.92;2;0;1;0;113;0;38;52;179.40;179.00;66;0.00;125;0;0;0;0;0;0;1;0;0;0;0;1;0;1;0;1;0;0;0;0;0;1;1;0;0;1;0;1;
14:23:09.318 block177.bin: 613.92;1;0;1;0;113;13;38;52;179.20;178.80;66;0.00;126;0;0;0;0;0;0;0;0;0;0;0;1;0;0;0;1;0;0;0;0;0;1;1;0;0;0;0;1;
14:23:09.397 block178.bin: 613.92;1;0;1;0;113;33;38;52;178.40;177.70;66;0.00;126;0;0;0;0;0;0;1;0;0;0;0;1;0;0;0;1;0;0;0;0;0;1;1;0;0;1;0;1;
14:23:09.450 block179.bin: 613.92;2;0;1;0;113;30;38;52;178.20;177.70;66;0.00;127;0;0;0;0;0;0;0;0;0;0;0;1;0;0;0;1;0;0;0;0;0;1;1;0;0;1;0;1;
14:23:09.505 block180.bin: 613.92;2;0;1;0;113;7;38;52;178.30;177.90;66;0.00;125;0;0;0;0;0;0;1;0;0;0;0;1;0;0;0;1;0;0;0;0;0;1;1;0;0;1;0;1;
14:23:09.569 block181.bin: 613.92;4;0;2;0;114;99;39;52;176.30;174.70;66;0.00;127;0;0;0;0;0;0;1;0;0;0;0;1;0;0;0;1;0;0;0;0;0;1;1;0;0;1;0;1;
14:23:09.618 block182.bin: 613.93;6;0;2;0;114;99;40;52;172.20;168.60;66;0.00;125;0;0;0;0;0;0;1;0;0;0;0;1;0;0;0;1;0;0;0;0;0;1;1;0;0;0;0;1;
14:23:09.672 block183.bin: 613.93;7;0;2;0;114;99;40;53;171.90;168.90;65;0.00;126;0;0;0;0;0;0;1;0;0;0;0;1;0;0;0;1;0;0;0;0;0;1;1;0;0;1;0;1;
14:23:09.729 block184.bin: 613.93;8;0;1;0;113;99;40;53;171.40;167.70;65;0.00;125;0;0;0;0;0;0;0;0;0;0;0;1;0;0;0;1;0;0;0;0;0;1;1;0;0;0;0;1;
14:23:09.820 block185.bin: 613.94;8;0;1;0;113;0;40;53;177.90;177.40;65;0.00;126;0;0;0;0;0;0;1;0;0;0;0;1;0;0;0;1;0;0;0;0;0;1;1;0;0;1;0;1;
14:23:09.856 block186.bin: 613.94;7;0;1;0;113;0;39;54;178.20;177.70;65;0.00;126;0;0;0;0;0;0;0;0;0;0;0;1;0;0;0;1;0;0;0;0;0;1;1;0;0;0;0;1;
14:23:09.919 block187.bin: 613.95;6;0;1;0;113;0;39;55;178.50;177.90;65;0.00;126;0;0;0;0;0;0;1;0;0;0;0;1;0;1;0;1;0;0;0;0;0;1;1;0;0;1;0;1;
14:23:09.970 block188.bin: 613.95;5;0;1;0;113;0;39;55;178.60;178.10;65;0.00;126;0;0;0;0;0;0;0;0;0;0;0;1;0;1;0;1;0;0;0;0;0;1;1;0;0;1;0;1;
14:23:10.024 block189.bin: 613.95;4;0;1;0;113;0;39;55;178.70;178.20;65;0.00;125;0;0;0;0;0;0;1;0;0;0;0;1;0;1;0;1;0;0;0;0;0;1;1;0;0;1;0;1;
14:23:10.104 block190.bin: 613.96;3;0;1;0;113;0;39;56;178.90;178.30;65;0.00;126;0;0;0;0;0;0;1;0;0;0;0;1;0;1;0;1;0;0;0;0;0;1;1;0;0;1;0;1;
14:23:10.155 block191.bin: 613.96;2;0;1;0;113;15;39;56;178.90;178.50;65;0.00;125;0;0;0;0;0;0;0;0;0;0;0;1;0;0;0;1;0;0;0;0;0;1;1;0;0;0;0;1;
14:23:10.209 block192.bin: 613.96;2;0;1;0;113;0;39;56;178.80;178.40;65;0.00;126;0;0;0;0;0;0;1;0;0;0;0;1;0;0;0;1;0;0;0;0;0;1;1;0;0;1;0;1;
14:23:10.262 block193.bin: 613.96;2;0;1;0;113;10;39;56;176.40;175.20;65;0.00;125;0;0;0;0;0;0;0;0;0;0;0;1;0;0;0;1;0;0;0;0;0;1;1;0;0;0;0;1;
14:23:10.327 block194.bin: 613.96;2;0;1;0;113;0;39;56;178.90;178.30;65;0.00;126;0;0;0;0;0;0;1;0;0;0;0;1;0;0;0;1;0;0;0;0;0;1;1;0;0;1;0;1;
14:23:10.378 block195.bin: 613.96;2;0;1;0;113;29;39;56;178.40;177.90;65;0.00;126;0;0;0;0;0;0;0;0;0;0;0;1;0;0;0;1;0;0;0;0;0;1;1;0;0;0;0;1;
14:23:10.459 block196.bin: 613.97;2;0;1;0;113;18;39;57;177.90;177.50;65;0.00;126;0;0;0;0;0;0;1;0;0;0;0;1;0;0;0;1;0;0;0;0;0;1;1;0;0;1;0;1;
14:23:10.514 block197.bin: 613.97;3;0;1;0;113;30;39;57;177.30;176.60;65;0.00;126;0;0;0;0;0;0;0;0;0;0;0;1;0;0;0;1;0;0;0;0;0;1;1;0;0;0;0;1;
14:23:10.570 block198.bin: 613.97;4;0;1;0;113;65;40;57;175.10;173.20;65;0.00;127;0;0;0;0;0;0;0;0;0;0;0;1;0;0;0;0;0;0;0;0;0;1;1;0;0;0;0;1;
14:23:10.615 block199.bin: 613.97;5;0;1;0;113;42;40;57;175.20;174.00;65;0.00;127;0;0;0;0;0;0;0;0;0;0;0;1;0;0;0;0;0;0;0;0;0;1;1;0;0;0;0;1;
14:23:10.687 block200.bin: 613.98;5;0;1;0;113;0;40;57;177.70;177.00;65;0.00;127;0;0;0;0;0;0;0;0;0;0;0;1;0;0;0;0;0;0;0;0;0;1;1;0;0;0;0;1;
14:23:10.741 block201.bin: 613.98;4;0;1;0;113;0;40;57;178.60;178.10;65;0.00;127;0;0;0;0;0;0;0;0;0;0;0;1;0;0;0;0;0;0;0;0;0;1;1;0;0;0;0;1;
14:23:10.794 block202.bin: 613.98;3;0;1;0;113;0;40;57;178.80;178.30;65;0.00;128;0;0;0;0;0;0;0;0;0;0;0;1;0;0;0;0;0;0;0;0;0;1;1;0;0;0;0;1;
14:23:10.865 block203.bin: 613.98;3;0;1;0;113;0;40;57;178.90;178.40;65;0.00;126;0;0;0;0;0;1;0;0;0;0;0;1;0;0;1;0;0;0;0;0;0;1;1;0;1;0;0;1;
14:23:10.921 block204.bin: 613.98;2;0;1;0;113;0;40;57;178.90;178.30;65;0.00;125;0;0;0;0;0;0;0;0;0;0;0;1;0;1;1;0;0;0;0;0;0;1;1;0;0;0;0;1;
14:23:10.971 block205.bin: 613.99;2;0;1;0;113;27;40;57;178.70;178.30;65;0.00;126;0;0;0;0;0;1;0;0;0;0;0;1;0;0;1;0;0;0;0;0;0;1;1;0;1;0;0;1;
14:23:11.045 block206.bin: 613.99;2;0;1;0;113;1;40;57;178.00;177.60;65;0.00;126;0;0;0;0;0;0;0;0;0;0;0;1;0;0;1;0;0;0;0;0;0;1;1;0;1;0;0;1;
14:23:11.097 block207.bin: 613.99;2;0;1;0;113;15;39;57;178.10;177.60;65;0.00;125;0;0;0;0;0;1;0;0;0;0;0;1;0;0;1;0;0;0;0;0;0;1;1;0;1;0;0;1;
14:23:11.217 block208.bin: 613.99;2;0;1;0;113;17;39;57;177.90;177.50;65;0.00;126;0;0;0;0;0;1;0;0;0;0;0;1;0;0;1;0;0;0;0;0;0;1;1;0;1;0;0;1;
14:23:11.220 block209.bin: 613.99;3;0;1;0;113;20;39;57;177.90;177.40;65;0.00;125;0;0;0;0;0;1;0;0;0;0;0;1;0;0;1;0;0;0;0;0;0;1;1;0;0;0;0;1;
14:23:11.276 block210.bin: 613.99;3;0;1;0;113;49;40;57;176.00;174.80;65;0.00;126;0;0;0;0;0;0;0;0;0;0;0;1;0;0;1;0;0;0;0;0;0;1;1;0;0;0;0;1;
14:23:11.329 block211.bin: 613.99;4;0;1;0;113;14;40;57;176.40;175.50;65;0.00;127;0;0;0;0;0;0;0;0;0;0;0;1;0;0;0;0;0;0;0;0;0;1;1;0;0;0;0;1;
14:23:11.387 block212.bin: 614.00;4;0;1;0;113;40;40;57;176.90;175.90;65;0.00;128;0;0;0;0;0;0;0;0;0;0;0;1;0;0;0;0;0;0;0;0;0;1;1;0;0;0;0;1;
14:23:11.460 block213.bin: 614.00;5;0;1;0;113;24;40;57;176.00;175.00;65;0.00;127;0;0;0;0;0;0;0;0;0;0;0;1;0;0;0;0;0;0;0;0;0;1;1;0;0;0;0;1;
14:23:11.511 block214.bin: 614.00;5;0;1;0;113;34;40;57;176.60;175.90;65;0.00;127;0;0;0;0;0;0;0;0;0;0;0;1;0;0;0;0;0;0;0;0;0;1;1;0;0;0;0;1;
14:23:11.587 block215.bin: 614.01;6;0;1;0;113;19;40;57;176.00;174.90;65;0.00;128;0;0;0;0;0;0;0;0;0;0;0;1;0;0;0;0;0;0;0;0;0;1;1;0;0;0;0;1;
14:23:11.629 block216.bin: 614.01;5;0;1;0;113;35;40;57;177.70;177.30;65;0.00;127;0;0;0;0;0;0;0;0;0;0;0;1;0;0;0;0;0;0;0;0;0;1;1;0;0;0;0;1;
14:23:11.700 block217.bin: 614.01;6;0;1;0;113;12;40;57;176.30;175.40;65;0.00;127;0;0;0;0;0;0;0;0;0;0;0;1;0;0;0;0;0;0;0;0;0;1;1;0;0;0;0;1;
14:23:11.756 block218.bin: 614.02;5;0;1;0;113;6;40;57;177.80;177.50;65;0.00;127;0;0;0;0;0;0;0;0;0;0;0;1;0;0;0;0;0;0;0;0;0;1;1;0;0;0;0;1;
14:23:11.809 block219.bin: 614.02;5;0;1;0;113;0;40;57;178.60;178.10;65;0.00;127;0;0;0;0;0;0;0;0;0;0;0;1;0;0;0;0;0;0;0;0;0;1;1;0;0;0;0;1;
14:23:11.894 block220.bin: 614.02;3;0;1;0;113;0;40;57;178.70;178.20;65;0.00;125;0;0;0;0;0;0;1;0;0;0;0;1;0;1;0;1;0;0;0;0;0;1;1;0;0;1;0;1;
14:23:11.946 block221.bin: 614.02;2;0;1;0;113;0;40;57;178.70;178.30;65;0.00;126;0;0;0;0;0;0;1;0;0;0;0;1;0;0;0;1;0;0;0;0;0;1;1;0;0;1;0;1;
14:23:11.988 block222.bin: 614.03;2;0;1;0;113;6;40;57;178.30;177.90;65;0.00;125;0;0;0;0;0;0;0;0;0;0;0;1;0;0;0;1;0;0;0;0;0;1;1;0;0;0;0;1;
14:23:12.070 block223.bin: 614.03;2;0;1;0;113;26;40;57;177.90;177.60;65;0.00;126;0;0;0;0;0;0;1;0;0;0;0;1;0;0;0;1;0;0;0;0;0;1;1;0;0;1;0;1;
14:23:12.127 block224.bin: 614.03;2;0;1;0;113;4;40;57;177.50;176.80;65;0.00;124;0;0;0;0;0;0;0;0;0;0;0;1;0;0;0;1;0;0;0;0;0;1;1;0;0;0;0;1;
14:23:12.179 block225.bin: 614.03;2;0;1;0;113;0;40;57;178.30;177.70;65;0.00;126;0;0;0;0;0;0;1;0;0;0;0;1;0;0;0;1;0;0;0;0;0;1;1;0;0;1;0;1;
14:23:12.229 block226.bin: 614.03;2;0;1;0;113;33;40;57;177.90;177.40;65;0.00;125;0;0;0;0;0;0;0;0;0;0;0;1;0;0;0;1;0;0;0;0;0;1;1;0;0;1;0;1;
14:23:12.306 block227.bin: 614.03;3;0;1;0;113;22;40;57;176.80;176.10;65;0.00;127;0;0;0;0;0;0;0;0;0;0;0;1;0;0;0;0;0;0;0;0;0;1;1;0;0;0;0;1;
14:23:12.358 block228.bin: 614.03;4;0;1;0;113;21;40;57;176.70;175.90;65;0.00;127;0;0;0;0;0;0;0;0;0;0;0;1;0;0;0;0;0;0;0;0;0;1;1;0;0;0;0;1;
14:23:12.411 block229.bin: 614.04;4;0;1;0;113;13;40;57;177.20;176.60;65;0.00;127;0;0;0;0;0;0;0;0;0;0;0;1;0;0;0;0;0;0;0;0;0;1;1;0;0;0;0;1;
14:23:12.481 block230.bin: 614.04;4;0;1;0;113;14;40;57;177.40;176.90;65;0.00;127;0;0;0;0;0;0;0;0;0;0;0;1;0;0;0;0;0;0;0;0;0;1;1;0;0;0;0;1;
14:23:12.542 block231.bin: 614.04;4;0;1;0;113;19;40;57;177.40;176.90;65;0.00;128;0;0;0;0;0;0;0;0;0;0;0;1;0;0;0;0;0;0;0;0;0;1;1;0;0;0;0;1;
14:23:12.594 block232.bin: 614.04;4;0;1;0;113;19;40;57;177.10;176.60;65;0.00;127;0;0;0;0;0;0;0;0;0;0;0;1;0;0;0;0;0;0;0;0;0;1;1;0;0;0;0;1;
14:23:12.647 block233.bin: 614.05;4;0;1;0;113;90;40;57;177.20;176.60;65;0.00;127;0;0;0;0;0;0;0;0;0;0;0;1;0;0;0;0;0;0;0;0;0;1;1;0;0;0;0;1;
14:23:12.729 block234.bin: 614.05;5;0;1;0;113;11;40;56;176.70;175.90;65;0.00;128;0;0;0;0;0;0;0;0;0;0;0;1;0;0;0;0;0;0;0;0;0;1;1;0;0;0;0;1;
14:23:12.781 block235.bin: 614.05;4;0;1;0;113;7;40;56;177.90;177.50;65;0.00;128;0;0;0;0;0;0;0;0;0;0;0;1;0;0;0;0;0;0;0;0;0;1;1;0;0;0;0;1;
14:23:12.837 block236.bin: 614.06;4;0;1;0;113;0;40;56;177.70;177.20;65;0.00;128;0;0;0;0;0;0;0;0;0;0;0;1;0;0;0;0;0;0;0;0;0;1;1;0;0;0;0;1;
14:23:12.891 block237.bin: 614.06;4;0;1;0;113;13;40;56;177.80;177.40;65;0.00;128;0;0;0;0;0;0;0;0;0;0;0;1;0;0;0;0;0;0;0;0;0;1;1;0;0;0;0;1;
14:23:12.949 block238.bin: 614.06;4;0;1;0;113;0;40;56;177.70;177.10;65;0.00;128;0;0;0;0;0;0;0;0;0;0;0;1;0;0;0;0;0;0;0;0;0;1;1;0;0;0;0;1;
14:23:13.026 block239.bin: 614.06;3;0;1;0;113;3;40;56;178.00;177.60;65;0.00;128;0;0;0;0;0;0;0;0;0;0;0;1;0;0;0;0;0;0;0;0;0;1;1;0;0;0;0;1;
14:23:13.078 block240.bin: 614.06;3;0;1;0;113;3;40;56;178.20;177.70;65;0.00;128;0;0;0;0;0;0;0;0;0;0;0;1;0;0;0;0;0;0;0;0;0;1;1;0;0;0;0;1;
14:23:13.132 block241.bin: 614.07;3;0;1;0;113;0;40;56;178.30;177.90;65;0.00;126;0;0;0;0;0;0;1;0;0;0;0;1;0;0;0;1;0;0;0;0;0;1;1;0;0;1;0;1;
14:23:13.212 block242.bin: 614.07;2;0;1;0;113;0;40;56;178.50;178.10;65;0.00;125;0;0;0;0;0;0;0;0;0;0;0;1;0;0;0;1;0;0;0;0;0;1;1;0;0;1;0;1;
14:23:13.265 block243.bin: 614.07;2;0;1;0;113;1;40;56;178.40;177.90;65;0.00;126;0;0;0;0;0;0;1;0;0;0;0;1;0;0;0;1;0;0;0;0;0;1;1;0;0;1;0;1;
14:23:13.316 block244.bin: 614.07;2;0;1;0;113;15;40;56;178.20;177.80;65;0.00;125;0;0;0;0;0;0;1;0;0;0;0;1;0;0;0;1;0;0;0;0;0;1;1;0;0;1;0;1;
14:23:13.370 block245.bin: 614.07;3;0;1;0;113;42;40;56;176.70;175.50;65;0.00;126;0;0;0;0;0;0;1;0;0;0;0;1;0;0;0;1;0;0;0;0;0;1;1;0;0;0;0;1;
14:23:13.443 block246.bin: 614.07;3;0;1;0;113;24;40;55;176.40;175.60;65;0.00;125;0;0;0;0;0;0;1;0;0;0;0;1;0;0;0;1;0;0;0;0;0;1;1;0;0;1;0;1;
14:23:13.506 block247.bin: 614.08;3;0;1;0;113;18;40;55;176.90;176.40;65;0.00;126;0;0;0;0;0;0;0;0;0;0;0;1;0;0;0;1;0;0;0;0;0;1;1;0;0;0;0;1;
14:23:13.574 block248.bin: 614.08;4;0;1;0;113;18;40;55;177.10;176.60;65;0.00;126;0;0;0;0;0;0;1;0;0;0;0;1;0;0;0;1;0;0;0;0;0;1;1;0;0;1;0;1;
14:23:13.631 block249.bin: 614.08;4;0;1;0;113;18;40;55;177.10;176.60;65;0.00;125;0;0;0;0;0;0;0;0;0;0;0;1;0;0;0;1;0;0;0;0;0;1;1;0;0;0;0;1;
14:23:13.681 block250.bin: 614.08;5;0;1;0;113;5;40;55;173.80;171.70;65;0.00;126;0;0;0;0;0;0;1;0;0;0;0;1;0;0;0;1;0;0;0;0;0;1;1;0;0;1;0;1;
14:23:13.734 block251.bin: 614.09;4;0;1;0;113;0;40;55;177.90;177.50;65;0.00;125;0;0;0;0;0;0;0;0;0;0;0;1;0;1;0;1;0;0;0;0;0;1;1;0;0;0;0;1;
14:23:13.801 block252.bin: 614.09;4;0;1;0;113;56;40;55;177.70;177.00;65;0.00;126;0;0;0;0;0;0;1;0;0;0;0;1;0;0;0;1;0;0;0;0;0;1;1;0;0;1;0;1;
14:23:13.871 block253.bin: 614.09;5;0;1;0;113;39;41;55;174.50;172.70;65;0.00;125;0;0;0;0;0;0;1;0;0;0;0;1;0;0;0;1;0;0;0;0;0;1;1;0;0;1;0;1;
14:23:13.922 block254.bin: 614.09;5;0;1;0;113;38;40;55;177.00;176.50;65;0.00;126;0;0;0;0;0;0;1;0;0;0;0;1;0;0;0;1;0;0;0;0;0;1;1;0;0;0;0;1;
14:23:13.975 block255.bin: 614.10;6;0;1;0;113;62;41;56;172.70;170.30;65;0.00;126;0;0;0;0;0;0;1;0;0;0;0;1;0;0;0;1;0;0;0;0;0;1;1;0;0;1;0;1;
14:23:14.054 block256.bin: 614.10;6;0;1;0;113;0;41;56;177.20;176.60;65;0.00;125;0;0;0;0;0;0;0;0;0;0;0;1;0;1;0;1;0;0;0;0;0;1;1;0;0;0;0;1;
14:23:14.108 block257.bin: 614.10;5;0;1;0;113;32;40;56;177.60;177.10;65;0.00;126;0;0;0;0;0;0;1;0;0;0;0;1;0;0;0;1;0;0;0;0;0;1;1;0;0;1;0;1;
14:23:14.175 block258.bin: 614.11;6;0;1;0;113;43;40;56;175.50;174.50;65;0.00;125;0;0;0;0;0;0;0;0;0;0;0;1;0;0;0;1;0;0;0;0;0;1;1;0;0;0;0;1;
14:23:14.216 block259.bin: 614.11;6;0;1;0;113;43;41;56;174.80;173.50;65;0.00;126;0;0;0;0;0;0;1;0;0;0;0;1;0;0;0;1;0;0;0;0;0;1;1;0;0;1;0;1;
14:23:14.281 block260.bin: 614.11;6;0;1;0;113;44;40;56;176.80;176.00;65;0.00;127;0;0;0;0;0;0;0;0;0;0;0;1;0;0;0;0;0;0;0;0;0;1;1;0;0;0;0;1;
14:23:14.334 block261.bin: 614.12;6;0;1;0;113;23;40;56;175.00;174.10;65;0.00;128;0;0;0;0;0;0;0;0;0;0;0;1;0;0;0;0;0;0;0;0;0;1;1;0;0;0;0;1;
14:23:14.407 block262.bin: 614.12;5;0;1;0;113;0;40;56;177.80;177.00;65;0.00;128;0;0;0;0;0;0;0;0;0;0;0;1;0;0;0;0;0;0;0;0;0;1;1;0;0;0;0;1;
14:23:14.460 block263.bin: 614.13;5;0;1;0;113;7;40;56;177.10;176.70;65;0.00;128;0;0;0;0;0;0;0;0;0;0;0;1;0;0;0;0;0;0;0;0;0;1;1;0;0;0;0;1;
14:23:14.537 block264.bin: 614.13;5;0;1;0;113;5;40;56;177.00;176.60;65;0.00;128;0;0;0;0;0;0;0;0;0;0;0;1;0;0;0;0;0;0;0;0;0;1;1;0;0;0;0;1;
14:23:14.586 block265.bin: 614.13;4;0;1;0;113;0;40;57;178.20;177.50;65;0.00;128;0;0;0;0;0;0;0;0;0;0;0;1;0;0;0;0;0;0;0;0;0;1;1;0;0;0;0;1;
14:23:14.641 block266.bin: 614.13;4;0;1;0;113;0;40;57;178.20;177.60;65;0.00;127;0;0;0;0;0;0;0;0;0;0;0;1;0;0;0;0;0;0;0;0;0;1;1;0;0;0;0;1;
14:23:14.714 block267.bin: 614.14;3;0;1;0;113;9;40;57;178.10;177.70;65;0.00;125;0;0;0;0;0;0;0;0;0;0;0;1;0;0;0;1;0;0;0;0;0;1;1;0;0;0;0;1;
14:23:14.765 block268.bin: 614.14;3;0;1;0;113;25;40;56;176.90;176.50;65;0.00;126;0;0;0;0;0;0;1;0;0;0;0;1;0;0;0;1;0;0;0;0;0;1;1;0;0;1;0;1;
14:23:14.818 block269.bin: 614.14;4;0;1;0;113;30;40;56;176.40;175.80;65;0.00;126;0;0;0;0;0;0;0;0;0;0;0;1;0;0;0;1;0;0;0;0;0;1;1;0;0;0;0;1;
14:23:14.901 block270.bin: 614.14;4;0;1;0;113;8;40;56;176.50;175.80;65;0.00;128;0;0;0;0;0;0;0;0;0;0;0;1;0;0;0;0;0;0;0;0;0;1;1;0;0;0;0;1;
14:23:14.954 block271.bin: 614.15;5;0;1;0;113;99;40;56;176.20;174.70;65;0.00;128;0;0;0;0;0;0;0;0;0;0;0;1;0;0;0;0;0;0;0;0;0;1;1;0;0;0;0;1;
14:23:15.009 block272.bin: 614.15;6;0;1;0;113;99;41;56;172.20;169.60;65;0.00;128;0;0;0;0;0;0;0;0;0;0;0;1;0;0;0;0;0;0;0;0;0;1;1;0;0;0;0;1;
14:23:15.056 block273.bin: 614.15;7;0;1;0;113;0;41;56;171.80;169.20;64;0.00;127;0;0;0;0;0;0;0;0;0;0;0;1;0;0;0;0;0;0;0;0;0;1;1;0;0;0;0;1;
14:23:15.126 block274.bin: 614.16;6;0;1;0;113;0;41;56;177.40;176.80;64;0.00;127;0;0;0;0;0;0;0;0;0;0;0;1;0;0;0;0;0;0;0;0;0;1;1;0;0;0;0;1;
14:23:15.176 block275.bin: 614.16;5;0;1;0;113;0;41;57;177.60;177.10;65;0.00;127;0;0;0;0;0;0;0;0;0;0;0;1;0;0;0;0;0;0;0;0;0;1;1;0;0;0;0;1;
14:23:15.250 block276.bin: 614.16;5;0;1;0;113;0;40;57;177.80;177.20;65;0.00;125;0;0;0;0;0;0;1;0;0;0;0;1;0;0;0;1;0;0;0;0;0;1;1;0;0;1;0;1;
14:23:15.301 block277.bin: 614.17;4;0;1;0;113;0;40;57;177.80;177.40;65;0.00;125;0;0;0;0;0;0;0;0;0;0;0;1;0;0;0;1;0;0;0;0;0;1;1;0;0;0;0;1;
14:23:15.359 block278.bin: 614.17;3;0;1;0;113;0;40;57;178.00;177.50;65;0.00;126;0;0;0;0;0;0;1;0;0;0;0;1;0;1;0;1;0;0;0;0;0;1;1;0;0;1;0;1;
14:23:15.441 block279.bin: 614.17;2;0;1;0;113;14;40;57;178.00;177.50;65;0.00;125;0;0;0;0;0;0;0;0;0;0;0;1;0;0;0;1;0;0;0;0;0;1;1;0;0;1;0;1;
14:23:15.492 block280.bin: 614.17;2;0;1;0;113;30;40;57;177.20;176.80;65;0.00;126;0;0;0;0;0;0;1;0;0;0;0;1;0;0;0;1;0;0;0;0;0;1;1;0;0;1;0;1;
14:23:15.547 block281.bin: 614.17;3;0;1;0;113;99;41;57;175.20;173.80;64;0.00;124;0;0;0;0;0;0;1;0;0;0;0;1;0;0;0;1;0;0;0;0;0;1;1;0;0;1;0;1;
14:23:15.631 block282.bin: 614.18;5;0;2;0;114;79;41;57;172.00;169.40;64;0.00;126;0;0;0;0;0;0;0;0;0;0;0;1;0;0;0;1;0;0;0;0;0;1;1;0;0;0;0;1;
14:23:15.671 block283.bin: 614.18;6;0;2;0;114;32;41;57;174.80;173.90;64;0.00;125;0;0;0;0;0;0;0;0;0;0;0;1;0;0;0;1;0;0;0;0;0;1;1;0;0;0;0;1;
14:23:15.728 block284.bin: 614.18;6;0;2;0;114;13;41;58;177.20;176.70;64;0.00;128;0;0;0;0;0;0;0;0;0;0;0;1;0;0;0;0;0;0;0;0;0;1;1;0;0;0;0;1;
14:23:15.782 block285.bin: 614.19;6;0;1;0;114;0;41;58;174.50;173.30;64;0.00;127;0;0;0;0;0;0;0;0;0;0;0;1;0;0;0;0;0;0;0;0;0;1;1;0;0;0;0;1;
14:23:15.861 block286.bin: 614.19;6;0;1;0;113;52;41;58;176.50;176.10;64;0.00;127;0;0;0;0;0;0;0;0;0;0;0;1;0;0;0;0;0;0;0;0;0;1;1;0;0;0;0;1;
14:23:15.913 block287.bin: 614.19;7;0;1;0;113;99;41;59;171.80;169.40;64;0.00;127;0;0;0;0;0;0;0;0;0;0;0;1;0;0;0;0;0;0;0;0;0;1;1;0;0;0;0;1;
14:23:15.989 block288.bin: 614.20;8;0;1;0;113;0;41;59;171.70;169.40;64;0.00;127;0;0;0;0;0;0;0;0;0;0;0;1;0;0;0;0;0;0;0;0;0;1;1;0;0;0;0;1;
14:23:16.042 block289.bin: 614.20;7;0;1;0;113;0;41;59;176.80;176.20;64;0.00;124;0;0;0;0;0;0;1;0;0;0;0;1;0;0;0;1;0;0;0;0;0;1;1;0;0;1;0;1;
14:23:16.095 block290.bin: 614.21;6;0;1;0;113;0;41;59;177.20;176.60;64;0.00;125;0;0;0;0;0;0;0;0;0;0;0;1;0;1;0;1;0;0;0;0;0;1;1;0;0;0;0;1;
14:23:16.173 block291.bin: 614.21;5;0;1;0;113;0;41;60;177.40;176.70;64;0.00;125;0;0;0;0;0;0;1;0;0;0;0;1;0;1;0;1;0;0;0;0;0;1;1;0;0;1;0;1;
14:23:16.224 block292.bin: 614.21;4;0;1;0;113;0;41;60;177.50;176.90;64;0.00;125;0;0;0;0;0;0;0;0;0;0;0;1;0;1;0;1;0;0;0;0;0;1;1;0;0;0;0;1;
14:23:16.282 block293.bin: 614.21;2;0;1;0;113;0;41;60;177.60;177.00;64;0.00;125;0;0;0;0;0;0;1;0;0;0;0;1;0;1;0;1;0;0;0;0;0;1;1;0;0;1;0;1;
14:23:16.341 block294.bin: 614.22;2;0;1;0;113;15;41;60;177.10;176.70;64;0.00;125;0;0;0;0;0;0;0;0;0;0;0;1;0;0;0;1;0;0;0;0;0;1;1;0;0;1;0;1;
14:23:16.395 block295.bin: 614.22;2;0;1;0;113;33;41;60;176.70;176.40;64;0.00;125;0;0;0;0;0;0;1;0;0;0;0;1;0;0;0;1;0;0;0;0;0;1;1;0;0;1;0;1;
14:23:16.459 block296.bin: 614.22;2;0;1;0;113;18;41;60;176.30;175.80;64;0.00;124;0;0;0;0;0;0;1;0;0;0;0;1;0;0;0;1;0;0;0;0;0;1;1;0;0;1;0;1;
14:23:16.535 block297.bin: 614.22;3;0;1;0;113;50;41;60;175.50;174.80;64;0.00;126;0;0;0;0;0;0;0;0;0;0;0;1;0;0;0;0;0;0;0;0;0;1;1;0;0;0;0;1;
14:23:16.591 block298.bin: 614.22;4;0;1;0;113;20;41;60;173.60;171.90;64;0.00;127;0;0;0;0;0;0;0;0;0;0;0;1;0;0;0;0;0;0;0;0;0;1;1;0;0;0;0;1;
14:23:16.646 block299.bin: 614.23;4;0;1;0;113;14;41;60;175.60;175.10;64;0.00;127;0;0;0;0;0;0;0;0;0;0;0;1;0;0;0;0;0;0;0;0;0;1;1;0;0;0;0;1;
14:23:16.700 block300.bin: 614.23;4;0;1;0;113;17;41;60;176.20;175.90;64;0.00;127;0;0;0;0;0;0;0;0;0;0;0;1;0;0;0;0;0;0;0;0;0;1;1;0;0;0;0;1;
14:23:16.778 block301.bin: 614.23;4;0;1;0;113;12;41;60;175.80;175.40;64;0.00;127;0;0;0;0;0;0;0;0;0;0;0;1;0;0;0;0;0;0;0;0;0;1;1;0;0;0;0;1;
14:23:16.831 block302.bin: 614.23;4;0;1;0;113;21;41;61;176.20;175.70;64;0.00;126;0;0;0;0;0;0;0;0;0;0;0;1;0;0;0;0;0;0;0;0;0;1;1;0;0;0;0;1;
14:23:16.886 block303.bin: 614.24;4;0;1;0;113;12;41;61;176.00;175.50;64;0.00;126;0;0;0;0;0;0;0;0;0;0;0;1;0;0;0;0;0;0;0;0;0;1;1;0;0;0;0;1;
14:23:16.967 block304.bin: 614.24;4;0;1;0;113;1;41;61;176.30;176.00;64;0.00;125;0;0;0;0;0;1;0;0;0;0;0;1;0;0;1;0;0;0;0;0;0;1;1;0;0;0;0;1;
14:23:17.021 block305.bin: 614.24;4;0;1;0;113;10;41;60;176.80;176.50;64;0.00;124;0;0;0;0;0;1;0;0;0;0;0;1;0;0;1;0;0;0;0;0;0;1;1;0;1;0;0;1;
14:23:17.078 block306.bin: 614.24;4;0;1;0;113;16;41;60;176.80;176.40;64;0.00;125;0;0;0;0;0;0;0;0;0;0;0;1;0;0;1;0;0;0;0;0;0;1;1;0;0;0;0;1;
14:23:17.133 block307.bin: 614.25;4;0;1;0;113;21;41;60;176.10;175.60;64;0.00;124;0;0;0;0;0;1;0;0;0;0;0;1;0;0;1;0;0;0;0;0;0;1;1;0;1;0;0;1;
14:23:17.191 block308.bin: 614.25;4;0;1;0;113;28;41;60;175.80;175.20;64;0.00;127;0;0;0;0;0;0;0;0;0;0;0;1;0;0;0;0;0;0;0;0;0;1;1;0;0;0;0;1;
14:23:17.271 block309.bin: 614.25;5;0;1;0;113;56;41;60;174.80;173.80;64;0.00;127;0;0;0;0;0;0;0;0;0;0;0;1;0;0;0;0;0;0;0;0;0;1;1;0;0;0;0;1;
14:23:17.323 block310.bin: 614.25;5;0;1;0;113;0;41;60;176.90;175.90;64;0.00;127;0;0;0;0;0;0;0;0;0;0;0;1;0;0;0;0;0;0;0;0;0;1;1;0;0;0;0;1;
14:23:17.377 block311.bin: 614.26;5;0;1;0;113;31;41;60;175.10;174.20;64;0.00;127;0;0;0;0;0;0;0;0;0;0;0;1;0;0;0;0;0;0;0;0;0;1;1;0;0;0;0;1;
14:23:17.459 block312.bin: 614.26;6;0;1;0;113;33;41;60;174.70;173.80;64;0.00;127;0;0;0;0;0;0;0;0;0;0;0;1;0;0;0;0;0;0;0;0;0;1;1;0;0;0;0;1;
14:23:17.511 block313.bin: 614.26;7;0;1;0;113;45;41;60;172.70;170.10;64;0.00;127;0;0;0;0;0;0;0;0;0;0;0;1;0;0;0;0;0;0;0;0;0;1;1;0;0;0;0;1;
14:23:17.564 block314.bin: 614.27;6;0;1;0;113;0;41;60;175.70;175.10;64;0.00;127;0;0;0;0;0;0;0;0;0;0;0;1;0;0;0;0;0;0;0;0;0;1;1;0;0;0;0;1;
14:23:17.642 block315.bin: 614.27;6;0;1;0;113;0;41;60;177.10;176.50;64;0.00;127;0;0;0;0;0;0;0;0;0;0;0;1;0;0;0;0;0;0;0;0;0;1;1;0;0;0;0;1;
14:23:17.787 block316.bin: 614.28;5;0;1;0;113;0;41;60;177.30;176.70;64;0.00;127;0;0;0;0;0;0;0;0;0;0;0;1;0;0;0;0;0;0;0;0;0;1;1;0;0;0;0;1;
14:23:17.789 block317.bin: 614.28;3;0;1;0;113;0;41;60;177.40;176.80;64;0.00;127;0;0;0;0;0;0;0;0;0;0;0;1;0;1;0;0;0;0;0;0;0;1;1;0;0;0;0;1;
14:23:17.827 block318.bin: 614.28;3;0;1;0;113;0;41;60;177.50;176.90;64;0.00;127;0;0;0;0;0;0;0;0;0;0;0;1;0;0;0;0;0;0;0;0;0;1;1;0;0;0;0;1;
14:23:17.881 block319.bin: 614.28;3;0;1;0;113;97;41;60;177.10;176.70;64;0.00;127;0;0;0;0;0;0;0;0;0;0;0;1;0;0;0;0;0;0;0;0;0;1;1;0;0;0;0;1;
14:23:17.938 block320.bin: 614.28;4;0;1;0;113;0;42;60;173.80;172.20;64;0.00;127;0;0;0;0;0;0;0;0;0;0;0;1;0;0;0;0;0;0;0;0;0;1;1;0;0;0;0;1;
14:23:18.010 block321.bin: 614.29;4;0;1;0;113;5;41;60;175.80;175.20;64;0.00;127;0;0;0;0;0;0;0;0;0;0;0;1;0;0;0;0;0;0;0;0;0;1;1;0;0;0;0;1;
14:23:18.063 block322.bin: 614.29;4;0;1;0;113;15;41;60;176.20;175.70;64;0.00;127;0;0;0;0;0;0;0;0;0;0;0;1;0;0;0;0;0;0;0;0;0;1;1;0;0;0;0;1;
14:23:18.134 block323.bin: 614.29;4;0;1;0;113;0;41;60;176.80;176.20;64;0.00;124;0;0;0;0;0;0;0;0;0;0;0;1;0;0;0;1;0;0;0;0;0;1;1;0;0;0;0;1;
14:23:18.182 block324.bin: 614.29;3;0;1;0;113;0;41;60;177.40;176.90;64;0.00;125;0;0;0;0;0;0;1;0;0;0;0;1;0;0;0;1;0;0;0;0;0;1;1;0;0;1;0;1;
14:23:18.244 block325.bin: 614.30;3;0;1;0;113;0;41;60;177.00;176.40;64;0.00;125;0;0;0;0;0;0;0;0;0;0;0;1;0;0;0;1;0;0;0;0;0;1;1;0;0;0;0;1;
14:23:18.317 block326.bin: 614.30;2;0;1;0;113;0;41;60;176.80;176.40;64;0.00;125;0;0;0;0;0;0;1;0;0;0;0;1;0;0;0;1;0;0;0;0;0;1;1;0;0;1;0;1;
14:23:18.370 block327.bin: 614.30;2;0;1;0;113;44;41;60;176.70;176.40;64;0.00;125;0;0;0;0;0;0;0;0;0;0;0;1;0;0;0;1;0;0;0;0;0;1;1;0;0;1;0;1;
14:23:18.462 block328.bin: 614.30;4;0;1;0;113;86;42;60;172.80;170.90;64;0.00;124;0;0;0;0;0;0;1;0;0;0;0;1;0;0;0;1;0;0;0;0;0;1;1;0;0;1;0;1;
14:23:18.523 block329.bin: 614.30;6;0;1;0;113;97;42;60;171.50;169.30;64;0.00;126;0;0;0;0;0;0;0;0;0;0;0;1;0;0;0;0;0;0;0;0;0;1;1;0;0;0;0;1;
14:23:18.581 block330.bin: 614.31;7;0;1;0;113;66;42;61;171.30;168.60;64;0.00;126;0;0;0;0;0;0;0;0;0;0;0;1;0;0;0;0;0;0;0;0;0;1;1;0;0;0;0;1;
14:23:18.635 block331.bin: 614.31;6;0;1;0;113;9;42;61;176.30;175.70;64;0.00;126;0;0;0;0;0;0;0;0;0;0;0;1;0;0;0;0;0;0;0;0;0;1;1;0;0;0;0;1;
14:23:18.688 block332.bin: 614.32;6;0;1;0;113;7;42;61;175.80;175.50;64;0.00;126;0;0;0;0;0;0;0;0;0;0;0;1;0;0;0;0;0;0;0;0;0;1;1;0;0;0;0;1;
14:23:18.741 block333.bin: 614.32;5;0;1;0;113;2;41;61;176.00;175.60;64;0.00;126;0;0;0;0;0;0;0;0;0;0;0;1;0;0;0;0;0;0;0;0;0;1;1;0;0;0;0;1;
14:23:18.828 block334.bin: 614.32;5;0;1;0;113;3;41;62;176.10;175.70;64;0.00;126;0;0;0;0;0;0;0;0;0;0;0;1;0;0;0;0;0;0;0;0;0;1;1;0;0;0;0;1;
14:23:18.877 block335.bin: 614.32;5;0;1;0;113;0;41;62;176.00;175.70;64;0.00;126;0;0;0;0;0;0;0;0;0;0;0;1;0;0;0;0;0;0;0;0;0;1;1;0;0;0;0;1;
14:23:18.935 block336.bin: 614.33;4;0;1;0;113;0;41;62;176.80;176.30;64;0.00;126;0;0;0;0;0;0;0;0;0;0;0;1;0;0;0;0;0;0;0;0;0;1;1;0;0;0;0;1;
14:23:18.991 block337.bin: 614.33;4;0;1;0;113;14;41;62;177.20;176.60;64;0.00;126;0;0;0;0;0;0;0;0;0;0;0;1;0;0;0;0;0;0;0;0;0;1;1;0;0;0;0;1;
14:23:19.066 block338.bin: 614.33;4;0;1;0;113;10;41;62;175.90;175.40;64;0.00;126;0;0;0;0;0;0;0;0;0;0;0;1;0;0;0;0;0;0;0;0;0;1;1;0;0;0;0;1;
14:23:19.134 block339.bin: 614.34;4;0;1;0;113;0;41;62;176.20;175.80;64;0.00;126;0;0;0;0;0;0;0;0;0;0;0;1;0;0;0;0;0;0;0;0;0;1;1;0;0;0;0;1;
14:23:19.190 block340.bin: 614.34;3;0;1;0;113;0;41;62;177.20;176.70;64;0.00;126;0;0;0;0;0;0;0;0;0;0;0;1;0;1;0;0;0;0;0;0;0;1;1;0;0;0;0;1;
14:23:19.244 block341.bin: 614.34;2;0;1;0;113;0;41;62;177.30;176.80;64;0.00;126;0;0;0;0;0;0;0;0;0;0;0;1;0;1;0;0;0;0;0;0;0;1;1;0;0;0;0;1;
14:23:19.335 block342.bin: 614.34;1;0;1;0;113;0;41;62;177.10;176.60;64;0.00;126;0;0;0;0;0;0;0;0;0;0;0;1;0;1;0;0;0;0;0;0;0;1;1;0;0;0;0;1;
14:23:19.386 block343.bin: 614.34;0;0;1;0;113;0;41;62;176.80;176.50;64;0.00;127;0;0;0;0;0;0;0;0;0;0;0;1;0;1;0;0;0;0;0;0;0;1;1;0;0;0;0;1;
14:23:19.442 block344.bin: 614.34;0;0;1;0;113;0;41;62;176.80;176.50;64;0.00;128;0;0;0;0;0;0;0;0;0;0;0;1;0;1;0;0;0;0;0;0;0;1;1;0;0;0;0;1;
14:23:19.500 block345.bin: 614.34;0;0;1;0;113;0;41;61;176.80;176.50;64;0.00;128;0;0;0;0;0;0;0;0;0;0;0;1;0;0;0;0;0;0;0;0;0;1;1;0;0;0;0;1;
14:23:19.558 block346.bin: 614.34;0;0;1;0;113;3;41;61;176.80;176.50;64;0.00;128;0;0;0;0;0;0;0;0;0;0;0;1;0;0;0;0;0;0;0;0;0;1;1;0;0;0;0;1;
14:23:19.633 block347.bin: 614.34;0;0;1;0;113;43;41;61;176.70;176.30;64;0.00;128;0;0;0;0;0;0;0;0;0;0;0;1;0;0;0;0;0;0;0;0;0;1;1;0;0;0;0;1;
14:23:19.690 block348.bin: 614.34;1;0;1;0;113;0;41;61;175.70;175.10;64;0.00;128;0;0;0;0;0;0;0;0;0;0;0;1;0;0;0;0;0;0;0;0;0;1;1;0;0;0;0;1;
14:23:19.742 block349.bin: 614.34;2;0;1;0;113;72;41;61;175.70;175.10;64;0.00;128;0;0;0;0;0;0;0;0;0;0;0;1;0;0;0;0;0;0;0;0;0;1;1;0;0;0;0;1;
14:23:19.809 block350.bin: 614.34;4;0;1;0;113;52;42;61;173.60;172.10;64;0.00;127;0;0;0;0;0;0;0;0;0;0;0;1;0;0;0;0;0;0;0;0;0;1;1;0;0;0;0;1;
14:23:19.882 block351.bin: 614.35;5;0;1;0;113;63;42;61;172.60;171.00;64;0.00;127;0;0;0;0;0;0;0;0;0;0;0;1;0;0;0;0;0;0;0;0;0;1;1;0;0;0;0;1;
14:23:19.939 block352.bin: 614.35;6;0;1;0;113;60;42;61;172.50;170.70;64;0.00;126;0;0;0;0;0;0;0;0;0;0;0;1;0;0;0;0;0;0;0;0;0;1;1;0;0;0;0;1;
14:23:19.994 block353.bin: 614.35;6;0;1;0;113;60;42;62;172.10;170.40;64;0.00;126;0;0;0;0;0;0;0;0;0;0;0;1;0;0;0;0;0;0;0;0;0;1;1;0;0;0;0;1;
14:23:20.054 block354.bin: 614.36;6;0;1;0;113;6;42;62;174.50;173.40;64;0.00;126;0;0;0;0;0;0;0;0;0;0;0;1;0;0;0;0;0;0;0;0;0;1;1;0;0;0;0;1;
14:23:20.119 block355.bin: 614.36;6;0;1;0;113;5;42;62;176.50;175.90;64;0.00;126;0;0;0;0;0;0;0;0;0;0;0;1;0;0;0;0;0;0;0;0;0;1;1;0;0;0;0;1;
14:23:20.197 block356.bin: 614.37;5;0;1;0;113;13;42;62;176.40;176.00;64;0.00;126;0;0;0;0;0;0;0;0;0;0;0;1;0;0;0;0;0;0;0;0;0;1;1;0;0;0;0;1;
14:23:20.247 block357.bin: 614.37;5;0;1;0;113;0;41;62;176.10;175.40;64;0.00;126;0;0;0;0;0;0;0;0;0;0;0;1;0;0;0;0;0;0;0;0;0;1;1;0;0;0;0;1;
14:23:20.321 block358.bin: 614.37;4;0;1;0;113;4;41;63;176.20;175.80;64;0.00;126;0;0;0;0;0;0;0;0;0;0;0;1;0;0;0;0;0;0;0;0;0;1;1;0;0;0;0;1;
14:23:20.377 block359.bin: 614.37;4;0;1;0;113;12;41;63;175.60;175.20;64;0.00;126;0;0;0;0;0;0;0;0;0;0;0;1;0;0;0;0;0;0;0;0;0;1;1;0;0;0;0;1;
14:23:20.428 block360.bin: 614.38;4;0;1;0;113;0;41;63;175.70;175.20;64;0.00;126;0;0;0;0;0;0;0;0;0;0;0;1;0;0;0;0;0;0;0;0;0;1;1;0;0;0;0;1;
14:23:20.493 block361.bin: 614.38;3;0;1;0;113;21;41;63;176.90;176.40;64;0.00;126;0;0;0;0;0;0;0;0;0;0;0;1;0;0;0;0;0;0;0;0;0;1;1;0;0;0;0;1;
14:23:20.566 block362.bin: 614.38;4;0;1;0;113;25;41;63;175.40;174.90;64;0.00;126;0;0;0;0;0;0;0;0;0;0;0;1;0;0;0;0;0;0;0;0;0;1;1;0;0;0;0;1;
14:23:20.618 block363.bin: 614.38;4;0;1;0;113;17;41;63;176.10;175.30;64;0.00;126;0;0;0;0;0;0;0;0;0;0;0;1;0;0;0;0;0;0;0;0;0;1;1;0;0;0;0;1;
14:23:20.702 block364.bin: 614.38;3;0;1;0;113;0;41;63;175.70;175.20;64;0.00;126;0;0;0;0;0;0;0;0;0;0;0;1;0;0;0;0;0;0;0;0;0;1;1;0;0;0;0;1;
14:23:20.766 block365.bin: 614.39;3;0;1;0;113;0;41;63;177.00;176.40;64;0.00;126;0;0;0;0;0;0;0;0;0;0;0;1;0;0;0;0;0;0;0;0;0;1;1;0;0;0;0;1;
14:23:20.828 block366.bin: 614.39;2;0;1;0;113;0;41;62;177.10;176.50;64;0.00;126;0;0;0;0;0;0;0;0;0;0;0;1;0;1;0;0;0;0;0;0;0;1;1;0;0;0;0;1;
14:23:20.870 block367.bin: 614.39;1;0;1;0;113;0;41;62;176.90;176.50;64;0.00;127;0;0;0;0;0;0;0;0;0;0;0;1;0;1;0;0;0;0;0;0;0;1;1;0;0;0;0;1;
14:23:20.934 block368.bin: 614.39;1;0;1;0;113;3;41;62;176.70;176.30;64;0.00;127;0;0;0;0;0;0;0;0;0;0;0;1;0;0;0;0;0;0;0;0;0;1;1;0;0;0;0;1;
14:23:21.009 block369.bin: 614.39;1;0;1;0;113;0;41;62;176.30;175.90;64;0.00;128;0;0;0;0;0;0;0;0;0;0;0;1;0;0;0;0;0;0;0;0;0;1;1;0;0;0;0;1;
14:23:21.083 block370.bin: 614.39;0;0;1;0;113;0;41;62;176.50;176.10;64;0.00;128;0;0;0;0;0;0;0;0;0;0;0;1;0;1;0;0;0;0;0;0;0;1;1;0;0;0;0;1;
14:23:21.134 block371.bin: 614.39;0;0;1;0;113;2;41;62;176.50;176.10;64;0.00;128;0;0;0;0;0;0;0;0;0;0;0;1;0;0;0;0;0;0;0;0;0;1;1;0;0;0;0;1;
14:23:21.191 block372.bin: 614.39;1;0;1;0;113;24;41;62;176.30;175.90;64;0.00;128;0;0;0;0;0;0;0;0;0;0;0;1;0;0;0;0;0;0;0;0;0;1;1;0;0;0;0;1;
14:23:21.269 block373.bin: 614.39;1;0;1;0;113;37;41;62;176.30;175.90;64;0.00;128;0;0;0;0;0;0;0;0;0;0;0;1;0;0;0;0;0;0;0;0;0;1;1;0;0;0;0;1;
14:23:21.323 block374.bin: 614.39;3;0;1;0;113;99;42;62;174.70;173.50;64;0.00;128;0;0;0;0;0;0;0;0;0;0;0;1;0;0;0;0;0;0;0;0;0;1;1;0;0;0;0;1;
14:23:21.384 block375.bin: 614.40;5;0;1;0;113;99;43;62;171.40;168.50;64;0.00;127;0;0;0;0;0;0;0;0;0;0;0;1;0;0;0;0;0;0;0;0;0;1;1;0;0;0;0;1;
14:23:21.440 block376.bin: 614.40;5;0;1;0;113;0;43;62;174.80;173.60;64;0.00;126;0;0;0;0;0;0;0;0;0;0;0;1;0;0;0;0;0;0;0;0;0;1;1;0;0;0;0;1;
14:23:21.517 block377.bin: 614.40;4;0;1;0;113;9;42;62;176.10;175.80;64;0.00;126;0;0;0;0;0;0;0;0;0;0;0;1;0;0;0;0;0;0;0;0;0;1;1;0;0;0;0;1;
14:23:21.575 block378.bin: 614.41;4;0;1;0;113;0;42;62;176.40;175.80;64;0.00;126;0;0;0;0;0;0;0;0;0;0;0;1;0;0;0;0;0;0;0;0;0;1;1;0;0;0;0;1;
14:23:21.652 block379.bin: 614.41;4;0;1;0;113;12;42;63;176.00;175.70;64;0.00;126;0;0;0;0;0;0;0;0;0;0;0;1;0;0;0;0;0;0;0;0;0;1;1;0;0;0;0;1;
14:23:21.700 block380.bin: 614.41;4;0;1;0;113;9;42;63;175.70;175.40;64;0.00;126;0;0;0;0;0;0;0;0;0;0;0;1;0;0;0;0;0;0;0;0;0;1;1;0;0;0;0;1;
14:23:21.756 block381.bin: 614.41;4;0;1;0;113;10;42;63;175.80;175.40;64;0.00;126;0;0;0;0;0;0;0;0;0;0;0;1;0;0;0;0;0;0;0;0;0;1;1;0;0;0;0;1;
14:23:21.832 block382.bin: 614.41;3;0;1;0;113;10;42;63;175.80;175.40;64;0.00;126;0;0;0;0;0;0;0;0;0;0;0;1;0;0;0;0;0;0;0;0;0;1;1;0;0;0;0;1;
14:23:21.883 block383.bin: 614.42;4;0;1;0;113;4;41;63;175.70;175.20;64;0.00;126;0;0;0;0;0;0;0;0;0;0;0;1;0;0;0;0;0;0;0;0;0;1;1;0;0;0;0;1;
14:23:21.958 block384.bin: 614.42;3;0;1;0;113;10;41;63;176.20;175.70;64;0.00;126;0;0;0;0;0;0;0;0;0;0;0;1;0;0;0;0;0;0;0;0;0;1;1;0;0;0;0;1;
14:23:22.010 block385.bin: 614.42;3;0;1;0;113;3;41;63;175.80;175.40;64;0.00;126;0;0;0;0;0;0;0;0;0;0;0;1;0;0;0;0;0;0;0;0;0;1;1;0;0;0;0;1;
14:23:22.084 block386.bin: 614.42;3;0;1;0;113;2;41;63;176.30;175.80;64;0.00;126;0;0;0;0;0;0;0;0;0;0;0;1;0;0;0;0;0;0;0;0;0;1;1;0;0;0;0;1;
14:23:22.148 block387.bin: 614.43;3;0;1;0;113;0;41;63;176.40;176.00;64;0.00;125;0;0;0;0;0;0;1;0;0;0;0;1;0;0;0;1;0;0;0;0;0;1;1;0;0;1;0;1;
14:23:22.228 block388.bin: 614.43;2;0;1;0;113;27;41;63;176.80;176.40;64;0.00;123;0;0;0;0;0;0;1;0;0;0;0;1;0;0;0;1;0;0;0;0;0;1;1;0;0;1;0;1;
14:23:22.268 block389.bin: 614.43;3;0;1;0;113;34;42;63;174.30;173.10;63;0.00;124;0;0;0;0;0;0;1;0;0;0;0;1;0;0;0;1;0;0;0;0;0;1;1;0;0;1;0;1;
14:23:22.363 block390.bin: 614.43;4;0;1;0;113;34;42;63;175.00;174.50;63;0.00;125;0;0;0;0;0;0;0;0;0;0;0;1;0;0;0;1;0;0;0;0;0;1;1;0;0;0;0;1;
14:23:22.394 block391.bin: 614.43;5;0;1;0;113;91;42;63;171.20;168.60;63;0.00;126;0;0;0;0;0;0;0;0;0;0;0;1;0;0;0;0;0;0;0;0;0;1;1;0;0;0;0;1;
14:23:22.470 block392.bin: 614.44;6;0;1;0;113;49;43;63;171.30;169.30;63;0.00;126;0;0;0;0;0;0;0;0;0;0;0;1;0;0;0;0;0;0;0;0;0;1;1;0;0;0;0;1;
14:23:22.524 block393.bin: 614.44;6;0;1;0;113;0;42;63;174.50;173.60;63;0.00;126;0;0;0;0;0;0;0;0;0;0;0;1;0;0;0;0;0;0;0;0;0;1;1;0;0;0;0;1;
14:23:22.599 block394.bin: 614.44;6;0;1;0;113;0;42;63;176.30;175.60;63;0.00;126;0;0;0;0;0;0;0;0;0;0;0;1;0;0;0;0;0;0;0;0;0;1;1;0;0;0;0;1;
14:23:22.648 block395.bin: 614.45;5;0;1;0;113;0;42;63;176.50;175.90;63;0.00;125;0;0;0;0;0;0;1;0;0;0;0;1;0;0;0;1;0;0;0;0;0;1;1;0;0;1;0;1;
14:23:22.726 block396.bin: 614.45;4;0;1;0;113;0;42;63;176.50;176.00;63;0.00;123;0;0;0;0;0;0;1;0;0;0;0;1;0;1;0;1;0;0;0;0;0;1;1;0;0;1;0;1;
14:23:22.777 block397.bin: 614.45;3;0;1;0;113;0;42;63;176.70;176.10;63;0.00;124;0;0;0;0;0;0;1;0;0;0;0;1;0;1;0;1;0;0;0;0;0;1;1;0;0;0;0;1;
14:23:22.866 block398.bin: 614.46;2;0;1;0;113;0;42;63;176.80;176.20;63;0.00;124;0;0;0;0;0;0;1;0;0;0;0;1;0;1;0;1;0;0;0;0;0;1;1;0;0;1;0;1;
14:23:22.919 block399.bin: 614.46;2;0;1;0;113;27;42;63;176.30;176.00;63;0.00;124;0;0;0;0;0;0;0;0;0;0;0;1;0;0;0;1;0;0;0;0;0;1;1;0;0;0;0;1;
14:23:22.984 block400.bin: 614.46;2;0;1;0;113;14;42;63;175.90;175.60;63;0.00;124;0;0;0;0;0;0;1;0;0;0;0;1;0;0;0;1;0;0;0;0;0;1;1;0;0;1;0;1;
14:23:23.045 block401.bin: 614.46;2;0;1;0;113;0;42;63;176.20;175.70;63;0.00;123;0;0;0;0;0;0;0;0;0;0;0;1;0;0;0;1;0;0;0;0;0;1;1;0;0;0;0;1;
14:23:23.099 block402.bin: 614.46;1;0;1;0;113;0;42;63;176.40;175.90;63;0.00;125;0;0;0;0;0;0;1;0;0;0;0;1;0;0;0;1;0;0;0;0;0;1;1;0;0;1;0;1;
14:23:23.175 block403.bin: 614.46;1;0;1;0;113;21;42;63;176.10;175.80;63;0.00;124;0;0;0;0;0;0;1;0;0;0;0;1;0;0;0;1;0;0;0;0;0;1;1;0;0;1;0;1;
14:23:23.226 block404.bin: 614.46;1;0;1;0;113;17;42;63;176.00;175.70;63;0.00;126;0;0;0;0;0;0;1;0;0;0;0;1;0;0;0;1;0;0;0;0;0;1;1;0;0;0;0;1;
14:23:23.302 block405.bin: 614.46;2;0;1;0;113;79;42;63;175.40;175.00;63;0.00;125;0;0;0;0;0;0;1;0;0;0;0;1;0;0;0;1;0;0;0;0;0;1;1;0;0;1;0;1;
14:23:23.351 block406.bin: 614.46;4;0;1;0;113;94;43;63;171.20;168.80;63;0.00;126;0;0;0;0;0;0;0;0;0;0;0;1;0;0;0;1;0;0;0;0;0;1;1;0;0;0;0;1;
14:23:23.435 block407.bin: 614.47;6;0;2;0;114;99;43;63;170.80;168.70;63;0.00;127;0;0;0;0;0;0;0;0;0;0;0;1;0;0;0;0;0;0;0;0;0;1;1;0;0;0;0;1;
14:23:23.495 block408.bin: 614.47;7;0;2;0;114;99;43;63;169.80;166.10;63;0.00;126;0;0;0;0;0;0;0;0;0;0;0;1;0;0;0;0;0;0;0;0;0;1;1;0;0;0;0;1;
14:23:23.557 block409.bin: 614.48;8;0;2;0;114;99;44;63;169.10;164.50;63;0.00;125;0;0;0;0;0;0;0;0;0;0;0;1;0;0;0;0;0;0;0;0;0;1;1;0;0;0;0;1;
14:23:23.611 block410.bin: 614.48;9;0;2;0;114;99;44;64;168.60;165.00;63;0.00;125;0;0;0;0;0;0;0;1;0;0;0;1;0;0;0;0;0;0;0;0;0;1;1;0;0;0;0;1;
14:23:23.692 block411.bin: 614.49;9;0;1;0;113;0;44;64;173.90;172.00;63;0.00;125;0;0;0;0;0;0;0;0;0;0;0;1;0;1;0;0;0;0;0;0;0;1;1;0;0;0;0;1;
14:23:23.745 block412.bin: 614.49;7;0;1;0;113;0;43;65;175.30;174.70;63;0.00;125;0;0;0;0;0;0;0;0;0;0;0;1;0;1;0;0;0;0;0;0;0;1;1;0;0;0;0;1;
14:23:23.824 block413.bin: 614.50;6;0;1;0;113;0;43;66;175.50;174.90;63;0.00;125;0;0;0;0;0;0;0;0;0;0;0;1;0;1;0;0;0;0;0;0;0;1;1;0;0;0;0;1;
14:23:23.877 block414.bin: 614.50;5;0;1;0;113;0;43;66;175.80;175.20;63;0.00;123;0;0;0;0;0;0;1;0;0;0;0;1;0;1;0;1;0;0;0;0;0;1;1;0;0;0;0;1;
14:23:23.932 block415.bin: 614.50;4;0;1;0;113;0;42;66;175.90;175.30;63;0.00;122;0;0;0;0;0;0;1;0;0;0;0;1;0;0;0;1;0;0;0;0;0;1;1;0;0;1;0;1;
14:23:24.007 block416.bin: 614.50;3;0;1;0;113;0;42;67;176.10;175.40;63;0.00;123;0;0;0;0;0;0;0;0;0;0;0;1;0;0;0;1;0;0;0;0;0;1;1;0;0;0;0;1;
14:23:24.060 block417.bin: 614.51;2;0;1;0;113;0;42;67;176.10;175.50;63;0.00;122;0;0;0;0;0;0;1;0;0;0;0;1;0;0;0;1;0;0;0;0;0;1;1;0;0;1;0;1;
14:23:24.138 block418.bin: 614.51;2;0;1;0;113;18;42;67;175.30;175.00;63;0.00;121;0;0;0;0;0;0;0;0;0;0;0;1;0;0;0;1;0;0;0;0;0;1;1;0;0;1;0;1;
14:23:24.193 block419.bin: 614.51;2;0;1;0;113;4;42;67;175.10;174.70;63;0.00;122;0;0;0;0;0;0;1;0;0;0;0;1;0;0;0;1;0;0;0;0;0;1;1;0;0;1;0;1;
14:23:24.275 block420.bin: 614.51;3;0;1;0;113;38;42;67;174.80;174.20;63;0.00;121;0;0;0;0;0;0;1;0;0;0;0;1;0;0;0;1;0;0;0;0;0;1;1;0;0;1;0;1;
14:23:24.338 block421.bin: 614.51;4;0;1;0;113;28;42;67;173.70;173.10;63;0.00;124;0;0;0;0;0;0;0;0;0;0;0;1;0;0;0;0;0;0;0;0;0;1;1;0;0;0;0;1;
14:23:24.398 block422.bin: 614.51;4;0;1;0;113;24;42;67;174.00;173.30;63;0.00;124;0;0;0;0;0;0;0;0;0;0;0;1;0;0;0;0;0;0;0;0;0;1;1;0;0;0;0;1;
14:23:24.462 block423.bin: 614.52;4;0;1;0;113;19;42;67;174.10;173.50;63;0.00;124;0;0;0;0;0;0;0;0;0;0;0;1;0;0;0;0;0;0;0;0;0;1;1;0;0;0;0;1;
14:23:24.510 block424.bin: 614.52;5;0;1;0;113;20;42;67;174.20;173.60;63;0.00;124;0;0;0;0;0;0;0;0;0;0;0;1;0;0;0;0;0;0;0;0;0;1;1;0;0;0;0;1;
14:23:24.590 block425.bin: 614.52;5;0;1;0;113;0;42;67;174.60;174.30;63;0.00;124;0;0;0;0;0;0;0;0;0;0;0;1;0;0;0;0;0;0;0;0;0;1;1;0;0;0;0;1;
14:23:24.639 block426.bin: 614.53;4;0;1;0;113;0;42;67;176.10;175.40;63;0.00;124;0;0;0;0;0;0;0;0;0;0;0;1;0;0;0;0;0;0;0;0;0;1;1;0;0;0;0;1;
14:23:24.720 block427.bin: 614.53;4;0;1;0;113;0;42;67;175.90;175.50;63;0.00;123;0;0;0;0;0;0;1;0;0;0;0;1;0;0;0;1;0;0;0;0;0;1;1;0;0;0;0;1;
14:23:24.779 block428.bin: 614.53;3;0;1;0;113;12;42;67;176.20;175.60;63;0.00;121;0;0;0;0;0;0;1;0;0;0;0;1;0;0;0;1;0;0;0;0;0;1;1;0;0;1;0;1;
14:23:24.834 block429.bin: 614.53;3;0;1;0;113;31;42;67;175.10;174.80;63;0.00;122;0;0;0;0;0;0;0;0;0;0;0;1;0;0;0;1;0;0;0;0;0;1;1;0;0;0;0;1;
14:23:24.930 block430.bin: 614.53;3;0;1;0;113;12;42;67;174.30;173.60;63;0.00;121;0;0;0;0;0;0;1;0;0;0;0;1;0;0;0;1;0;0;0;0;0;1;1;0;0;1;0;1;
14:23:24.981 block431.bin: 614.54;4;0;1;0;113;60;42;67;173.60;172.40;63;0.00;121;0;0;0;0;0;0;0;0;0;0;0;1;0;0;0;1;0;0;0;0;0;1;1;0;0;1;0;1;
14:23:25.040 block432.bin: 614.54;5;0;1;0;113;24;43;67;172.20;170.40;63;0.00;122;0;0;0;0;0;0;1;0;0;0;0;1;0;0;0;1;0;0;0;0;0;1;1;0;0;1;0;1;
14:23:25.095 block433.bin: 614.54;5;0;1;0;113;32;43;67;173.70;172.90;63;0.00;123;0;0;0;0;0;0;0;0;0;0;0;1;0;0;0;0;0;0;0;0;0;1;1;0;0;0;0;1;
14:23:25.162 block434.bin: 614.55;5;0;1;0;113;26;43;67;173.80;173.10;63;0.00;123;0;0;0;0;0;0;0;0;0;0;0;1;0;0;0;0;0;0;0;0;0;1;1;0;0;0;0;1;
14:23:25.219 block435.bin: 614.55;6;0;1;0;113;26;42;67;173.80;173.20;63;0.00;124;0;0;0;0;0;0;0;0;0;0;0;1;0;0;0;0;0;0;0;0;0;1;1;0;0;0;0;1;
14:23:25.298 block436.bin: 614.55;6;0;1;0;113;24;42;67;173.80;173.10;63;0.00;124;0;0;0;0;0;0;0;0;0;0;0;1;0;0;0;0;0;0;0;0;0;1;1;0;0;0;0;1;
14:23:25.371 block437.bin: 614.56;6;0;1;0;113;0;42;66;173.80;173.10;63;0.00;124;0;0;0;0;0;0;0;0;0;0;0;1;0;0;0;0;0;0;0;0;0;1;1;0;0;0;0;1;
14:23:25.419 block438.bin: 614.56;5;0;1;0;113;0;42;66;175.90;175.20;63;0.00;125;0;0;0;0;0;0;0;0;0;0;0;1;0;0;0;0;0;0;0;0;0;1;1;0;0;0;0;1;
14:23:25.500 block439.bin: 614.56;4;0;1;0;113;0;42;66;175.90;175.40;63;0.00;125;0;0;0;0;0;0;0;0;0;0;0;1;0;0;0;0;0;0;0;0;0;1;1;0;0;0;0;1;
14:23:25.551 block440.bin: 614.56;4;0;1;0;113;0;42;66;175.70;175.30;63;0.00;125;0;0;0;0;0;0;0;0;0;0;0;1;0;0;0;0;0;0;0;0;0;1;1;0;0;0;0;1;
14:23:25.631 block441.bin: 614.57;4;0;1;0;113;3;42;66;175.40;175.00;63;0.00;125;0;0;0;0;0;0;0;0;0;0;0;1;0;0;0;0;0;0;0;0;0;1;1;0;0;0;0;1;
14:23:25.693 block442.bin: 614.57;3;0;1;0;113;0;42;66;175.30;174.90;63;0.00;125;0;0;0;0;0;0;0;0;0;0;0;1;0;0;0;0;0;0;0;0;0;1;1;0;0;0;0;1;
14:23:25.749 block443.bin: 614.57;3;0;1;0;113;6;42;66;175.60;175.10;63;0.00;125;0;0;0;0;0;0;0;0;0;0;0;1;0;0;0;0;0;0;0;0;0;1;1;0;0;0;0;1;
14:23:25.806 block444.bin: 614.57;3;0;1;0;113;0;42;66;175.30;175.00;63;0.00;122;0;0;0;0;0;0;0;0;0;0;0;1;0;0;0;1;0;0;0;0;0;1;1;0;0;0;0;1;
14:23:25.896 block445.bin: 614.58;2;0;1;0;113;2;42;65;175.70;175.30;63;0.00;123;0;0;0;0;0;0;1;0;0;0;0;1;0;0;0;1;0;0;0;0;0;1;1;0;0;1;0;1;
14:23:25.948 block446.bin: 614.58;2;0;1;0;113;10;42;65;175.90;175.40;63;0.00;123;0;0;0;0;0;0;1;0;0;0;0;1;0;0;0;1;0;0;0;0;0;1;1;0;0;1;0;1;
14:23:26.006 block447.bin: 614.58;2;0;1;0;113;29;42;65;175.20;174.80;63;0.00;124;0;0;0;0;0;0;0;0;0;0;0;1;0;0;0;1;0;0;0;0;0;1;1;0;0;0;0;1;
14:23:26.065 block448.bin: 614.58;3;0;1;0;113;35;42;65;174.50;173.90;63;0.00;122;0;0;0;0;0;0;1;0;0;0;0;1;0;0;0;1;0;0;0;0;0;1;1;0;0;1;0;1;
14:23:26.144 block449.bin: 614.58;4;0;1;0;113;43;42;65;173.30;172.10;63;0.00;124;0;0;0;0;0;0;0;0;0;0;0;1;0;0;0;1;0;0;0;0;0;1;1;0;0;0;0;1;
14:23:26.202 block450.bin: 614.58;4;0;1;0;113;43;42;65;173.10;171.90;63;0.00;125;0;0;0;0;0;0;0;0;0;0;0;1;0;0;0;0;0;0;0;0;0;1;1;0;0;0;0;1;
14:23:26.274 block451.bin: 614.59;5;0;1;0;113;19;43;65;172.70;171.70;63;0.00;125;0;0;0;0;0;0;0;0;0;0;0;1;0;0;0;0;0;0;0;0;0;1;1;0;0;0;0;1;
14:23:26.349 block452.bin: 614.59;5;0;1;0;113;23;42;65;173.90;173.40;63;0.00;125;0;0;0;0;0;0;0;0;0;0;0;1;0;0;0;0;0;0;0;0;0;1;1;0;0;0;0;1;
14:23:26.405 block453.bin: 614.59;5;0;1;0;113;18;42;65;173.90;173.40;63;0.00;125;0;0;0;0;0;0;0;0;0;0;0;1;0;0;0;0;0;0;0;0;0;1;1;0;0;0;0;1;
14:23:26.462 block454.bin: 614.60;5;0;1;0;113;17;42;65;174.10;173.70;63;0.00;125;0;0;0;0;0;0;0;0;0;0;0;1;0;0;0;0;0;0;0;0;0;1;1;0;0;0;0;1;
14:23:26.540 block455.bin: 614.60;5;0;1;0;113;0;42;64;174.60;174.10;63;0.00;125;0;0;0;0;0;0;0;0;0;0;0;1;0;0;0;0;0;0;0;0;0;1;1;0;0;0;0;1;
14:23:26.599 block456.bin: 614.60;4;0;1;0;113;0;42;64;175.90;175.30;63;0.00;125;0;0;0;0;0;0;0;0;0;0;0;1;0;0;0;0;0;0;0;0;0;1;1;0;0;0;0;1;
14:23:26.654 block457.bin: 614.61;4;0;1;0;113;0;42;64;176.00;175.40;63;0.00;125;0;0;0;0;0;0;0;0;0;0;0;1;0;0;0;0;0;0;0;0;0;1;1;0;0;0;0;1;
14:23:26.734 block458.bin: 614.61;3;0;1;0;113;18;42;64;175.60;175.10;63;0.00;122;0;0;0;0;0;0;0;0;0;0;0;1;0;0;0;1;0;0;0;0;0;1;1;0;0;0;0;1;
14:23:26.789 block459.bin: 614.61;4;0;1;0;113;22;42;64;174.80;174.40;63;0.00;124;0;0;0;0;0;0;1;0;0;0;0;1;0;0;0;1;0;0;0;0;0;1;1;0;0;1;0;1;
14:23:26.867 block460.bin: 614.61;4;0;1;0;113;24;42;64;174.40;173.80;63;0.00;123;0;0;0;0;0;0;0;0;0;0;0;1;0;0;0;1;0;0;0;0;0;1;1;0;0;0;0;1;
14:23:26.919 block461.bin: 614.62;4;0;1;0;113;36;42;64;174.30;173.70;63;0.00;125;0;0;0;0;0;0;0;0;0;0;0;1;0;0;0;0;0;0;0;0;0;1;1;0;0;0;0;1;
14:23:27.005 block462.bin: 614.62;5;0;1;0;113;34;42;64;173.30;172.40;63;0.00;125;0;0;0;0;0;0;0;0;0;0;0;1;0;0;0;0;0;0;0;0;0;1;1;0;0;0;0;1;
14:23:27.060 block463.bin: 614.62;5;0;1;0;113;17;42;64;173.90;173.30;63;0.00;125;0;0;0;0;0;0;0;0;0;0;0;1;0;0;0;0;0;0;0;0;0;1;1;0;0;0;0;1;
14:23:27.133 block464.bin: 614.62;5;0;1;0;113;8;42;64;174.10;173.70;63;0.00;125;0;0;0;0;0;0;0;0;0;0;0;1;0;0;0;0;0;0;0;0;0;1;1;0;0;0;0;1;
14:23:27.202 block465.bin: 614.63;5;0;1;0;113;10;42;63;174.60;174.30;63;0.00;125;0;0;0;0;0;0;0;0;0;0;0;1;0;0;0;0;0;0;0;0;0;1;1;0;0;0;0;1;
14:23:27.257 block466.bin: 614.63;5;0;1;0;113;0;42;63;174.90;174.30;63;0.00;126;0;0;0;0;0;0;0;0;0;0;0;1;0;0;0;0;0;0;0;0;0;1;1;0;0;0;0;1;
14:23:27.321 block467.bin: 614.63;4;0;1;0;113;0;42;63;175.80;175.30;63;0.00;126;0;0;0;0;0;0;0;0;0;0;0;1;0;0;0;0;0;0;0;0;0;1;1;0;0;0;0;1;
14:23:27.377 block468.bin: 614.63;3;0;1;0;113;11;42;63;175.40;175.00;63;0.00;126;0;0;0;0;0;0;0;0;0;0;0;1;0;0;0;0;0;0;0;0;0;1;1;0;0;0;0;1;
14:23:27.460 block469.bin: 614.64;3;0;1;0;113;0;42;63;175.70;174.80;63;0.00;126;0;0;0;0;0;0;0;0;0;0;0;1;0;0;0;0;0;0;0;0;0;1;1;0;0;0;0;1;
14:23:27.508 block470.bin: 614.64;2;0;1;0;113;0;42;63;176.00;175.50;63;0.00;124;0;0;0;0;0;0;1;0;0;0;0;1;0;0;0;1;0;0;0;0;0;1;1;0;0;1;0;1;
14:23:27.584 block471.bin: 614.64;2;0;1;0;113;0;42;63;175.60;175.30;63;0.00;124;0;0;0;0;0;0;0;0;0;0;0;1;0;0;0;1;0;0;0;0;0;1;1;0;0;0;0;1;
14:23:27.643 block472.bin: 614.64;1;0;1;0;113;0;42;63;175.50;175.10;63;0.00;124;0;0;0;0;0;0;1;0;0;0;0;1;0;0;0;1;0;0;0;0;0;1;1;0;0;1;0;1;
14:23:27.720 block473.bin: 614.64;2;0;1;0;113;32;42;62;175.20;174.80;63;0.00;124;0;0;0;0;0;0;1;0;0;0;0;1;0;0;0;1;0;0;0;0;0;1;1;0;0;1;0;1;
14:23:27.771 block474.bin: 614.64;3;0;1;0;113;83;42;62;173.50;172.20;63;0.00;123;0;0;0;0;0;0;1;0;0;0;0;1;0;0;0;1;0;0;0;0;0;1;1;0;0;0;0;1;
14:23:27.848 block475.bin: 614.65;4;0;1;0;113;0;43;62;173.10;171.80;62;0.00;125;0;0;0;0;0;0;1;0;0;0;0;1;0;0;0;1;0;0;0;0;0;1;1;0;0;1;0;1;
14:23:27.920 block476.bin: 614.65;4;0;1;0;113;24;42;62;175.70;175.20;62;0.00;123;0;0;0;0;0;0;0;0;0;0;0;1;0;0;0;1;0;0;0;0;0;1;1;0;0;0;0;1;
14:23:27.981 block477.bin: 614.65;3;0;1;0;113;0;42;62;174.70;174.30;62;0.00;125;0;0;0;0;0;0;1;0;0;0;0;1;0;0;0;1;0;0;0;0;0;1;1;0;0;1;0;1;
14:23:28.037 block478.bin: 614.65;3;0;1;0;113;8;42;62;175.00;174.70;62;0.00;124;0;0;0;0;0;0;0;0;0;0;0;1;0;0;0;1;0;0;0;0;0;1;1;0;0;0;0;1;
14:23:28.103 block479.bin: 614.66;3;0;1;0;113;17;42;62;174.90;174.50;62;0.00;126;0;0;0;0;0;0;0;0;0;0;0;1;0;0;0;0;0;0;0;0;0;1;1;0;0;0;0;1;
14:23:28.187 block480.bin: 614.66;4;0;1;0;113;21;42;62;174.50;173.90;62;0.00;126;0;0;0;0;0;0;0;0;0;0;0;1;0;0;0;0;0;0;0;0;0;1;1;0;0;0;0;1;
14:23:28.239 block481.bin: 614.66;4;0;1;0;113;56;42;62;174.40;173.90;62;0.00;126;0;0;0;0;0;0;0;0;0;0;0;1;0;0;0;0;0;0;0;0;0;1;1;0;0;0;0;1;
14:23:28.303 block482.bin: 614.66;5;0;1;0;113;45;43;62;172.30;171.00;62;0.00;126;0;0;0;0;0;0;0;0;0;0;0;1;0;0;0;0;0;0;0;0;0;1;1;0;0;0;0;1;
14:23:28.381 block483.bin: 614.67;6;0;1;0;113;33;43;62;173.10;172.30;62;0.00;126;0;0;0;0;0;0;0;0;0;0;0;1;0;0;0;0;0;0;0;0;0;1;1;0;0;0;0;1;
14:23:28.431 block484.bin: 614.67;6;0;1;0;113;29;43;62;173.00;172.10;62;0.00;126;0;0;0;0;0;0;0;0;0;0;0;1;0;0;0;0;0;0;0;0;0;1;1;0;0;0;0;1;
14:23:28.511 block485.bin: 614.67;6;0;1;0;113;0;42;62;175.00;174.30;62;0.00;126;0;0;0;0;0;0;0;0;0;0;0;1;0;0;0;0;0;0;0;0;0;1;1;0;0;0;0;1;
14:23:28.562 block486.bin: 614.68;5;0;1;0;113;0;42;62;175.70;175.00;62;0.00;126;0;0;0;0;0;0;0;0;0;0;0;1;0;0;0;0;0;0;0;0;0;1;1;0;0;0;0;1;
14:23:28.639 block487.bin: 614.68;4;0;1;0;113;0;42;62;175.70;175.10;62;0.00;124;0;0;0;0;0;0;1;0;0;0;0;1;0;0;0;1;0;0;0;0;0;1;1;0;0;1;0;1;
14:23:28.735 block488.bin: 614.68;4;0;1;0;113;0;42;62;175.80;175.30;62;0.00;124;0;0;0;0;0;0;1;0;0;0;0;1;0;0;0;1;0;0;0;0;0;1;1;0;0;1;0;1;
14:23:28.762 block489.bin: 614.68;3;0;1;0;113;0;42;62;175.90;175.30;62;0.00;124;0;0;0;0;0;0;1;0;0;0;0;1;0;0;0;1;0;0;0;0;0;1;1;0;0;0;0;1;
14:23:28.828 block490.bin: 614.69;2;0;1;0;113;15;42;62;175.90;175.40;62;0.00;125;0;0;0;0;0;0;1;0;0;0;0;1;0;0;0;1;0;0;0;0;0;1;1;0;0;1;0;1;
14:23:28.902 block491.bin: 614.69;2;0;1;0;113;22;42;62;175.60;175.20;62;0.00;123;0;0;0;0;0;0;0;0;0;0;0;1;0;0;0;1;0;0;0;0;0;1;1;0;0;0;0;1;
14:23:28.978 block492.bin: 614.69;3;0;1;0;113;9;42;62;174.70;174.30;62;0.00;125;0;0;0;0;0;0;1;0;0;0;0;1;0;0;0;1;0;0;0;0;0;1;1;0;0;1;0;1;
14:23:29.030 block493.bin: 614.69;3;0;1;0;113;26;42;62;175.10;174.80;62;0.00;123;0;0;0;0;0;0;0;0;0;0;0;1;0;0;0;1;0;0;0;0;0;1;1;0;0;0;0;1;
14:23:29.105 block494.bin: 614.69;4;0;1;0;113;40;43;62;173.70;172.90;62;0.00;126;0;0;0;0;0;0;0;0;0;0;0;1;0;0;0;1;0;0;0;0;0;1;1;0;0;0;0;1;
14:23:29.158 block495.bin: 614.69;4;0;1;0;113;7;43;62;174.40;173.80;62;0.00;126;0;0;0;0;0;0;0;0;0;0;0;1;0;0;0;0;0;0;0;0;0;1;1;0;0;0;0;1;
14:23:29.232 block496.bin: 614.70;3;0;1;0;113;6;42;62;175.50;174.90;62;0.00;126;0;0;0;0;0;0;0;0;0;0;0;1;0;0;0;0;0;0;0;0;0;1;1;0;0;0;0;1;
14:23:29.307 block497.bin: 614.70;3;0;1;0;113;12;42;62;175.20;174.80;62;0.00;126;0;0;0;0;0;0;0;0;0;0;0;1;0;0;0;0;0;0;0;0;0;1;1;0;0;0;0;1;
14:23:29.364 block498.bin: 614.70;3;0;1;0;113;4;42;62;174.80;174.40;62;0.00;124;0;0;0;0;0;1;0;0;0;0;0;1;0;0;1;0;0;0;0;0;0;1;1;0;1;0;0;1;
14:23:29.452 block499.bin: 614.70;3;0;1;0;113;15;42;61;174.20;173.60;62;0.00;124;0;0;0;0;0;0;0;0;0;0;0;1;0;0;1;0;0;0;0;0;0;1;1;0;0;0;0;1;
14:23:29.492 block500.bin: 614.70;3;0;1;0;113;0;42;61;175.20;174.70;62;0.00;125;0;0;0;0;0;1;0;0;0;0;0;1;0;0;1;0;0;0;0;0;0;1;1;0;1;0;0;1;
14:23:29.561 block501.bin: 614.71;4;0;1;0;113;66;42;61;174.30;173.60;62;0.00;123;0;0;0;0;0;0;0;0;0;0;0;1;0;0;1;0;0;0;0;0;0;1;1;0;0;0;0;1;
14:23:29.627 block502.bin: 614.71;4;0;1;0;113;0;43;61;173.70;172.50;62;0.00;125;0;0;0;0;0;1;0;0;0;0;0;1;0;0;1;0;0;0;0;0;0;1;1;0;1;0;0;1;
14:23:29.703 block503.bin: 614.71;4;0;1;0;113;0;42;61;175.00;174.60;62;0.00;123;0;0;0;0;0;0;0;0;0;0;0;1;0;0;1;0;0;0;0;0;0;1;1;0;1;0;0;1;
14:23:29.778 block504.bin: 614.71;3;0;1;0;113;6;42;61;175.40;175.00;62;0.00;125;0;0;0;0;0;1;0;0;0;0;0;1;0;0;1;0;0;0;0;0;0;1;1;0;1;0;0;1;
14:23:29.831 block505.bin: 614.72;4;0;1;0;113;46;42;61;174.10;173.40;62;0.00;124;0;0;0;0;0;1;0;0;0;0;0;1;0;0;1;0;0;0;0;0;0;1;1;0;1;0;0;1;
14:23:29.887 block506.bin: 614.72;4;0;1;0;113;29;43;61;173.30;172.60;62;0.00;124;0;0;0;0;0;1;0;0;0;0;0;1;0;0;1;0;0;0;0;0;0;1;1;0;0;0;0;1;
14:23:29.961 block507.bin: 614.72;5;0;1;0;113;31;43;61;173.40;172.80;62;0.00;126;0;0;0;0;0;0;0;0;0;0;0;1;0;0;0;0;0;0;0;0;0;1;1;0;0;0;0;1;
14:23:30.051 block508.bin: 614.72;5;0;1;0;113;3;42;61;174.20;173.70;62;0.00;126;0;0;0;0;0;0;0;0;0;0;0;1;0;0;0;0;0;0;0;0;0;1;1;0;0;0;0;1;
14:23:30.087 block509.bin: 614.73;5;0;1;0;113;26;42;61;173.70;173.10;62;0.00;126;0;0;0;0;0;0;0;0;0;0;0;1;0;0;0;0;0;0;0;0;0;1;1;0;0;0;0;1;